Number of BSplines: 1000 and Order of BSplines:   10
Speed of light: 
1.37035989500000000000000e2                  
Relativistic quantum number: 
-1.0000000000000000000000e0                  
Potential constant: 
2.00000000000000000000000e0                  
Knot min: 
1.00000000000000000000000e-7                 
Knot max: 
5.00000000000000000000000e3                  
--------------------------------------------------------------
1.72027038631614162519817e-25                
1.48392491651979947719618e-26                
3.70252190113048773794118e-27                
1.40288661430696529714302e-27                
6.63584173245573423757736e-28                
3.57020444042662883606210e-28                
1.95537559700744362392618e-28                
4.84612339705383541644508e-29                
2.72518881877299561747462e-28                
1.31676232508411858277393e-27                
4.82250450159065422512861e-27                
1.60565867220734161700438e-26                
5.01303891427090214089412e-26                
1.48223870589109244702031e-25                
4.17394412421235290366962e-25                
1.12427029636680592739589e-24                
2.90737180709436414543749e-24                
7.24193930519651497463201e-24                
1.74259951457457497048588e-23                
6.65285721704497906188450e-5                 
4.64859504945624395481940e-4                 
4.02921700746937204539760e-4                 
3.51517841506051080461325e-4                 
3.08500132668622595896451e-4                 
2.72225629419437726651905e-4                 
2.41423026246332557350403e-4                 
2.15098153500749124128273e-4                 
1.92465972665382242400392e-4                 
1.72900995155003635560082e-4                 
1.55900693933697688717185e-4                 
1.41058199364730757357806e-4                 
1.28041710635739675587112e-4                 
1.16578820125907845927946e-4                 
1.06444470111829732543884e-4                 
9.74516216357035066632622e-5                 
8.94439672610625868848302e-5                 
8.22901975135305803762313e-5                 
7.58794580387551560172770e-5                 
7.01177263383725564417136e-5                 
1.19546670968274517252479e-4                 
1.25157372171022947085768e-4                 
1.16214036206187528225539e-4                 
1.08103033388696910609296e-4                 
1.00729728441054785589497e-4                 
9.40121119303176884260856e-5                 
8.78788776313608779627765e-5                 
8.22678273906045822607771e-5                 
7.71245420348279197035845e-5                 
7.24012694222741004075582e-5                 
6.80559905217794700633863e-5                 
6.40516320811179085984444e-5                 
6.03554004962138315878901e-5                 
5.69382162865852301852088e-5                 
5.37742323988447180946626e-5                 
5.08404226126991721162891e-5                 
4.81162287764569235891263e-5                 
4.55832575779949203534796e-5                 
5.36276271818510400693738e-5                 
6.32079036879231949896542e-5                 
6.00187897361881524763714e-5                 
5.70407004351006635054729e-5                 
5.42564627344392846932314e-5                 
5.16505540099712499725759e-5                 
4.92089199040574233370533e-5                 
4.69188147902132722459931e-5                 
4.47686617486650136627334e-5                 
4.27479294204338122096040e-5                 
4.08470240959268585021234e-5                 
3.90572168824986363331615e-5                 
3.73711440301907090921404e-5                 
3.57932498550030604141931e-5                 
3.44828966183961838438746e-5                 
3.50206770124753879504629e-5                 
3.75405210632940400918902e-5                 
3.57568284683419719092071e-5                 
3.15158909259307037644664e-5                 
2.58827012444126783380006e-5                 
1.90824484371852470071943e-5                 
1.12333981150907906098666e-5                 
2.43019175006984434601576e-6                 
7.24154981095647639004672e-6                 
1.76993030921052052208292e-5                 
2.88567876191993668361478e-5                 
4.06073788604670505312204e-5                 
5.27855610468775636875058e-5                 
6.51229595141873706040606e-5                 
7.73764773816057798746784e-5                 
8.98819495716779546609106e-5                 
1.03896903560311963805189e-4                 
1.21079641409631728021675e-4                 
1.42693889284479678640789e-4                 
1.69136047835314428996961e-4                 
1.86214435518884347935533e-4                 
1.82333978592805303821468e-4                 
1.93010345132613328760456e-4                 
