Number of BSplines:  800 and Order of BSplines:   10
Speed of light: 
1.37035989500000000000000e2                  
Relativistic quantum number: 
-1.0000000000000000000000e0                  
Potential constant: 
2.00000000000000000000000e0                  
Knot min: 
1.00000000000000000000000e-5                 
Knot max: 
5.00000000000000000000000e3                  
--------------------------------------------------------------
2.80070640927599143667074e-21                
2.41590360047799978133612e-22                
6.02787799279231636638073e-23                
2.28412105310634432512243e-23                
1.08147726846340346482611e-23                
5.87677650027335522264144e-24                
3.50455804985747944732934e-24                
2.23306109117153353802810e-24                
1.49376575263132791721511e-24                
1.03501726887615512364093e-24                
7.32143877881650076637730e-25                
5.13157574865321165390806e-25                
3.19741986284045762764302e-25                
6.96666322763474491220970e-26                
4.08928788215613933892471e-25                
1.52032865632074608077010e-24                
4.21997627800993553733759e-24                
1.07143519569793159776484e-23                
2.59935392532815907605548e-23                
6.90813511084091730021402e-5                 
4.64859504945624395499457e-4                 
4.02921700746937204583941e-4                 
3.51517841506051080559519e-4                 
3.08500132668622596108379e-4                 
2.72225629419437727098186e-4                 
2.41423026246332558269329e-4                 
2.15098153500749125981384e-4                 
1.92465972665382246065291e-4                 
1.72900995155003642676974e-4                 
1.55900693933697702302393e-4                 
1.41058199364730782874734e-4                 
1.28041710635739722791247e-4                 
1.16578820125907932006081e-4                 
1.06444470111829887393465e-4                 
9.74516216357037816737395e-5                 
8.94439672610630693932573e-5                 
8.22901975135314172316683e-5                 
7.58794580387565916394694e-5                 
7.01177263383749937529258e-5                 
1.21681409883029646401985e-4                 
1.25157372171027044254368e-4                 
1.16214036206194351067657e-4                 
1.08103033388708170874316e-4                 
1.00729728441073210896843e-4                 
9.40121119303475927200740e-5                 
8.78788776314090355375243e-5                 
8.22678273906815587295255e-5                 
7.71245420349500870179356e-5                 
7.24012694224666705742655e-5                 
6.80559905220810383927238e-5                 
6.40516320815872232281027e-5                 
6.03554004969398315185373e-5                 
5.69382162877018613035536e-5                 
5.37742324005527050178125e-5                 
5.08404226152978765333206e-5                 
4.81162287803907738537093e-5                 
4.55832575839208154946604e-5                 
5.57838230868812267603051e-5                 
6.32079036968079963629790e-5                 
6.00187897494491940518306e-5                 
5.70407004548075758542797e-5                 
5.42564627636029454063476e-5                 
5.16505540529561838613676e-5                 
4.92089199671686381075706e-5                 
4.69188148825290295632334e-5                 
4.47686618832257109271176e-5                 
4.27479296166769239019549e-5                 
4.08470244237153972032649e-5                 
3.90572191418718752525098e-5                 
3.73712026103150323047403e-5                 
3.57947004119931589496984e-5                 
3.45163487563607102931503e-5                 
3.55074159761652992836674e-5                 
3.81817414501907886715956e-5                 
3.60838067858203204847508e-5                 
3.17637657678701307383461e-5                 
2.61111349376571811775107e-5                 
1.93127240359225562237828e-5                 
1.14790599184271507529055e-5                 
2.70393106017140959304189e-6                 
6.92545155093070600054418e-6                 
1.73232470155649701504499e-5                 
2.83959582884608414682733e-5                 
4.00171420972477744908199e-5                 
5.19704713201657885391644e-5                 
6.39150387141817855088254e-5                 
7.57065912738110097434121e-5                 
8.81574608565654148822053e-5                 
1.03004145398547278364398e-4                 
1.22013822068445118791753e-4                 
1.46148844554009223681640e-4                 
1.73769651448952527693931e-4                 
1.73734727104766903672588e-4                 
1.70807530147991712834018e-4                 
2.02709487342837546776021e-4                 
