Number of BSplines:  800 and Order of BSplines:    4
Speed of light: 
1.37035989500000000000000e2                  
Relativistic quantum number: 
-1.0000000000000000000000e0                  
Potential constant: 
2.00000000000000000000000e0                  
Knot min: 
1.00000000000000000000000e-3                 
Knot max: 
5.00000000000000000000000e3                  
--------------------------------------------------------------
6.88701990786303572275990e-16                
8.68750915814699962254826e-17                
5.86849206513136556524861e-16                
1.94151641385008756838863e-15                
5.32080728929357925244278e-15                
1.28309281962105117800930e-14                
2.80153964883455259372211e-14                
4.41066916356553072943570e-5                 
6.55886036166985222836625e-3                 
4.69149965482260452256482e-3                 
3.47117020228898521276120e-3                 
2.64010385601703791293203e-3                 
2.05461777315853031208226e-3                 
1.63027368150979701304991e-3                 
1.31521976749242382799921e-3                 
1.11585726815854692599790e-3                 
1.96851069715045488560792e-3                 
1.63968962634828334579630e-3                 
1.38027225286619355045932e-3                 
1.17285826206064803683656e-3                 
1.00503412179315488430559e-3                 
8.67781216107418420959626e-4                 
7.54439556193459997287431e-4                 
6.98514016250260811150595e-4                 
9.32243622021173286389136e-4                 
8.22148812414350043760035e-4                 
7.28746840304272853559259e-4                 
6.48987192288741319639843e-4                 
5.80465171934031399370060e-4                 
5.21267725465292383827793e-4                 
4.69859968039573546799046e-4                 
4.63268636768927628571277e-4                 
5.41579522769561842179553e-4                 
4.92123321854117233721415e-4                 
4.48516771418653357589438e-4                 
4.09919060405205393007207e-4                 
3.75630475986374818860184e-4                 
3.45065508796242647343716e-4                 
3.17731666029742278559224e-4                 
3.31516968851170296325944e-4                 
3.53445132188057152364029e-4                 
3.27136573716941485318083e-4                 
3.03378663572046979783607e-4                 
2.81869295264583932248306e-4                 
2.62348349831943242942189e-4                 
2.44591035707149082282137e-4                 
2.28402410254417116665115e-4                 
2.52095325745129051053955e-4                 
2.48682378172018877871533e-4                 
2.33060766353248358224260e-4                 
2.18722297195429589597977e-4                 
2.05537741816526760199128e-4                 
1.93393198555560713075610e-4                 
1.82188011249064155972645e-4                 
1.77606531786919977030555e-4                 
1.95235059876840230876560e-4                 
1.84430187150207305602109e-4                 
1.74409273044089249160150e-4                 
1.65102414568089527401651e-4                 
1.56447067788260077011472e-4                 
1.48387158793054952141959e-4                 
1.40872315471736904721241e-4                 
1.50795336979254378729522e-4                 
1.49481295124549841166409e-4                 
1.42209481991391643303379e-4                 
1.35402634236186369767801e-4                 
1.29024156433154246877840e-4                 
1.23040863197626216984244e-4                 
1.17422614051049664793045e-4                 
1.19699228641760284529875e-4                 
1.23558631447795772005311e-4                 
1.18118278893127331723539e-4                 
1.12993499779766113021830e-4                 
1.08161755808478475581844e-4                 
1.03602453066481079346471e-4                 
9.92985518162177156986042e-5                 
1.00429722246387757094419e-4                 
1.03781041333010511988434e-4                 
9.95441687702569517306383e-5                 
9.53543070475869778495077e-5                 
9.10827103055133562711113e-5                 
8.67562221486954863149019e-5                 
8.22959752978634381925316e-5                 
7.69330304655271381697229e-5                 
7.01039463302347190266719e-5                 
6.20251973205590337204387e-5                 
5.31004210018182868473525e-5                 
4.36586170192541370687663e-5                 
3.38810957454017565954274e-5                 
2.37056829652112476073736e-5                 
1.29239543243082952501627e-5                 
1.48260129749585782506181e-6                 
1.04232902583643604582551e-5                 
2.25177784427256023930556e-5                 
3.46717914113974584313719e-5                 
4.69752321618984541546034e-5                 
5.94401141395292341902008e-5                 
7.16346646759806678627757e-5                 
8.23911412432417516244377e-5                 
8.99625569919719911252393e-5                 
9.53112372853931231198592e-5                 
1.02571217519598742826110e-4                 
1.14875971130000318533442e-4                 
1.30712217648611304259672e-4                 
1.49240131932860976436723e-4                 
1.70345255432460475252488e-4                 
