Number of BSplines:  800 and Order of BSplines:   10
Speed of light: 
1.37035989500000000000000e2                  
Relativistic quantum number: 
-1.0000000000000000000000e0                  
Potential constant: 
2.00000000000000000000000e0                  
Knot min: 
1.00000000000000000000000e-7                 
Knot max: 
5.00000000000000000000000e3                  
--------------------------------------------------------------
1.78351187078792295515202e-25                
1.53829640950094812304562e-26                
3.83660032976218312507782e-27                
1.44392479887520011953706e-27                
6.21392474468732540876789e-28                
6.66959244739962829405897e-30                
1.69625394711717967143223e-27                
8.59069279499512231963567e-27                
3.62244520309311197666009e-26                
1.39419705340823625773449e-25                
4.98839647415786012586663e-25                
1.67365281124869658459515e-24                
5.29932612434221968847612e-24                
1.59209000769050231528045e-23                
4.55973062684160962354870e-23                
1.25003276412950879748362e-22                
3.29225714782626821167597e-22                
8.35718497197948361251374e-22                
2.05056235178933697360640e-21                
1.04782778942603129509471e-4                 
4.64859504945624400317228e-4                 
4.02921700746937215709831e-4                 
3.51517841506051105578825e-4                 
3.08500132668622650977908e-4                 
2.72225629419437844653515e-4                 
2.41423026246332804694138e-4                 
2.15098153500749632125243e-4                 
1.92465972665383266003858e-4                 
1.72900995155005661507862e-4                 
1.55900693933701631686485e-4                 
1.41058199364738310918808e-4                 
1.28041710635753932106224e-4                 
1.16578820125934378417360e-4                 
1.06444470111878461454494e-4                 
9.74516216357918870497094e-5                 
8.94439672612209955998433e-5                 
8.22901975138113363682683e-5                 
7.58794580392474899764624e-5                 
8.69210520099282109633879e-5                 
1.35042630189284708838889e-4                 
1.25157372172492535229184e-4                 
1.16214036208691497569392e-4                 
1.08103033392926539730978e-4                 
1.00729728448140725344443e-4                 
9.40121119420960666641434e-5                 
8.78788776507933159380184e-5                 
8.22678274224373507313683e-5                 
7.71245420866207747895860e-5                 
7.24012695059978535437098e-5                 
6.80559906562845447131398e-5                 
6.40516322959310118997848e-5                 
6.03554008373515019139786e-5                 
5.69382168254183314095835e-5                 
5.37742332455611543379464e-5                 
5.08404239366726277521870e-5                 
4.81162308369534290087650e-5                 
6.57757752466235275905589e-5                 
6.66270774173061107440747e-5                 
6.32079086124507642687823e-5                 
6.00187973015823306911410e-5                 
5.70407120117852555936631e-5                 
5.42564803825105444131862e-5                 
5.16505808166126607666677e-5                 
4.92089604818610139736724e-5                 
4.69188760114219159952494e-5                 
4.47687538248259538747086e-5                 
4.27480675010944497628442e-5                 
4.08472315285294953329972e-5                 
3.90575768464322906716706e-5                 
3.73742233329922060589850e-5                 
3.67657672043011286099481e-5                 
4.61601408013924665195027e-5                 
4.44037389274040883362973e-5                 
4.18724132028054412787665e-5                 
3.85544800886204330987071e-5                 
3.42072961649906781166493e-5                 
2.88156986984201380559163e-5                 
2.24994680762664508735877e-5                 
1.54244503443201540164914e-5                 
7.85839158945464079178992e-6                 
2.94590125943933095543862e-7                 
8.76007454170820061704307e-6                 
1.30695353348020264735213e-5                 
1.82506882744270728690982e-5                 
3.54405735289313324694419e-5                 
6.80267766344477676153306e-5                 
8.36434351062681204931399e-5                 
8.02994771072175754960215e-5                 
1.02234328519587053283560e-4                 
1.61303129605872482820219e-4                 
2.33734971209776410603353e-4                 
