Number of BSplines:  800 and Order of BSplines:   10
Speed of light: 
1.37035989500000000000000e2                  
Relativistic quantum number: 
-1.0000000000000000000000e0                  
Potential constant: 
2.00000000000000000000000e0                  
Knot min: 
1.00000000000000000000000e-2                 
Knot max: 
5.00000000000000000000000e3                  
--------------------------------------------------------------
5.49660491629982898777017e-15                
4.74185889600381070827400e-16                
1.18322527888065875688239e-16                
4.48388922253585382766495e-17                
2.12318516677654684327424e-17                
1.15384939209963421828507e-17                
6.88165162397558067910658e-18                
4.38570176743755536024633e-18                
2.93511421844291360756817e-18                
2.03743205837025167670938e-18                
1.45291322082750812075290e-18                
1.05543518938839049911262e-18                
7.74185315654848702786807e-19                
5.66893158739719742942158e-19                
4.06380048013956640047288e-19                
2.72694387473206111267552e-19                
1.46051948142573457565484e-19                
9.07045848268757360071361e-21                
3.47032733374315642026977e-19                
2.96050073385191602979392e-5                 
4.64859504945615271181842e-4                 
4.02921700746936562968276e-4                 
3.51517841506050706117180e-4                 
3.08500132668622325856622e-4                 
2.72225629419437515791428e-4                 
2.41423026246332385541240e-4                 
2.15098153500748979701533e-4                 
1.92465972665382116930390e-4                 
1.72900995155003521309669e-4                 
1.55900693933697576584651e-4                 
1.41058199364730634372763e-4                 
1.28041710635739521145688e-4                 
1.16578820125907625714042e-4                 
1.06444470111829388548501e-4                 
9.74516216357029408280665e-5                 
8.94439672610616345351802e-5                 
8.22901975135289677015452e-5                 
7.58794580387524343750409e-5                 
7.01177263383680271906825e-5                 
8.89623761505998070496333e-5                 
1.25157372171015013458740e-4                 
1.16214036206174698887569e-4                 
1.08103033388675936464889e-4                 
1.00729728441020712261892e-4                 
9.40121119302627481747180e-5                 
8.78788776312729574751048e-5                 
8.22678273904649151850761e-5                 
7.71245420346076202851864e-5                 
7.24012694219289831886966e-5                 
6.80559905212423489052079e-5                 
6.40516320802872065976046e-5                 
6.03554004949368165549592e-5                 
5.69382162846334545262272e-5                 
5.37742323958781982353605e-5                 
5.08404226082143672435435e-5                 
4.81162287697114946934037e-5                 
4.55832575678993307672259e-5                 
4.32250191454806552351432e-5                 
4.32815273863755295690456e-5                 
6.00187897138897295634207e-5                 
5.70407004021822256221742e-5                 
5.42564626860475979314399e-5                 
5.16505539391223058127202e-5                 
4.92089198007356200161840e-5                 
4.69188146401014480662929e-5                 
4.47686615312178824701238e-5                 
4.27479290962932043801185e-5                 
4.08470231071019432666609e-5                 
3.90571962393011523093978e-5                 
3.73705970583345034684999e-5                 
3.57821471013657537072693e-5                 
3.43054975303228711817496e-5                 
3.30239910162489956893479e-5                 
3.19460431109756804304973e-5                 
3.02650174152141631435892e-5                 
2.69132230676186936348178e-5                 
2.18040387073146545221171e-5                 
1.52281082312997217055980e-5                 
7.40275134369216357599249e-6                 
1.53383140581368011611289e-6                 
1.14856608767992109326445e-5                 
2.23793072065206486747416e-5                 
3.41544361733794683382439e-5                 
4.67589593645275799877547e-5                 
6.01464446896245989193296e-5                 
7.42747772377846879998684e-5                 
8.91056935672510291973510e-5                 
1.04604937395880614194423e-4                 
1.20742850334411042324605e-4                 
1.37494981127619112659238e-4                 
1.54842162272114883218794e-4                 
1.72769327844519886723888e-4                 
1.91262675120890330496545e-4                 
2.10305349616582879663733e-4                 
