Number of BSplines:  800 and Order of BSplines:   10
Speed of light: 
1.37035989500000000000000e2                  
Relativistic quantum number: 
-1.0000000000000000000000e0                  
Potential constant: 
2.00000000000000000000000e0                  
Knot min: 
1.00000000000000000000000e-6                 
Knot max: 
5.00000000000000000000000e3                  
--------------------------------------------------------------
2.23548633297676463831502e-23                
1.92824819889969118805243e-24                
4.81095736206495068693789e-25                
1.82292108125040483337441e-25                
8.62993327243049540551011e-26                
4.68463329939755521961725e-26                
2.77049753624354525568891e-26                
1.66374234754470325335473e-26                
7.03619169009785744323247e-27                
1.03715481430685344627136e-26                
6.03325708961231713326115e-26                
2.16312421068976434611846e-25                
6.90068400343743211465662e-25                
2.06397264764385645600350e-24                
5.86782579720975551049194e-24                
1.59536026780711762404630e-23                
4.16518470090653658740424e-23                
1.04776146300858768565329e-22                
2.54691458361012033581806e-22                
8.59876018335595784676455e-5                 
4.64859504945624396041127e-4                 
4.02921700746937205819655e-4                 
3.51517841506051083312137e-4                 
3.08500132668622602087626e-4                 
2.72225629419437739784069e-4                 
2.41423026246332584598621e-4                 
2.15098153500749179514009e-4                 
1.92465972665382352828909e-4                 
1.72900995155003851784885e-4                 
1.55900693933698104958560e-4                 
1.41058199364731545920909e-4                 
1.28041710635741147155813e-4                 
1.16578820125910553299097e-4                 
1.06444470111834647055978e-4                 
9.74516216357123150257407e-5                 
8.94439672610781854953325e-5                 
8.22901975135578906186839e-5                 
7.58794580388024567725975e-5                 
7.09684526277991473691878e-5                 
1.35042630188511106400745e-4                 
1.25157372171160602336016e-4                 
1.16214036206419055648918e-4                 
1.08103033389082897451733e-4                 
1.00729728441692878964173e-4                 
9.40121119313641127233206e-5                 
8.78788776330638331030730e-5                 
8.22678273933557747926644e-5                 
7.71245420392416221076485e-5                 
7.24012694293077916203660e-5                 
6.80559905329169833905720e-5                 
6.40516320986461162576026e-5                 
6.03554005236386911679278e-5                 
5.69382163292546114112680e-5                 
5.37742324648768362152328e-5                 
5.08404227143609941291993e-5                 
4.81162289322027464838971e-5                 
4.92291503780761015719038e-5                 
6.66270744624703652692970e-5                 
6.32079040483752665015645e-5                 
6.00187902809207121813252e-5                 
5.70407012548893972072454e-5                 
5.42564639632247487142053e-5                 
5.16505558447142799891382e-5                 
4.92089226334505225068118e-5                 
4.69188188360887665707609e-5                 
4.47686677256467201100020e-5                 
4.27479382278831729742189e-5                 
4.08470374094767679693044e-5                 
3.90572533941072571787578e-5                 
3.73717942651669821007027e-5                 
3.58133487608231250744085e-5                 
3.55098119434601058255873e-5                 
4.18171035709965333811673e-5                 
4.09773246011205001459567e-5                 
3.76229897783449268898698e-5                 
3.31032089901994732336319e-5                 
2.74598706014829663545664e-5                 
2.07692947598903500652455e-5                 
1.31333757899427069369627e-5                 
4.66172476175429394051589e-6                 
4.53162179680896011909344e-6                 
1.43120079234984846838013e-5                 
2.44194362111184723247569e-5                 
3.40487111359216636194377e-5                 
4.25086717434470898469263e-5                 
5.22972699712545967487358e-5                 
6.77776092788207477907533e-5                 
9.16409741495136140277385e-5                 
1.22109693970138551075605e-4                 
1.20324700447207184579881e-4                 
1.15702283667446416618267e-4                 
1.55174695211797110734575e-4                 
2.05745087594734684985447e-4                 
