Number of BSplines:  800 and Order of BSplines:   10
Speed of light: 
1.37035989500000000000000e2                  
Relativistic quantum number: 
-1.0000000000000000000000e0                  
Potential constant: 
2.00000000000000000000000e0                  
Knot min: 
1.00000000000000000000000e-3                 
Knot max: 
5.00000000000000000000000e3                  
--------------------------------------------------------------
4.39074642019078789247536e-17                
3.78777417686858300040837e-18                
9.45137924166063023981154e-19                
3.58157997926952264832922e-19                
1.69589456320321088902848e-19                
9.21615765198438343844163e-20                
5.49643519653550522225492e-20                
3.50277310433153161498515e-20                
2.34410800556343374825200e-20                
1.62707682135822718644919e-20                
1.16017903788900456617354e-20                
8.42669173663005689365366e-21                
6.17979003073252255515595e-21                
4.52333420690270934883448e-21                
3.23999523899194846107635e-21                
2.16983538298838791488573e-21                
1.15313771870478768570350e-21                
1.00834012977428808954580e-22                
2.88593875053801672898718e-21                
4.08831123030454126755437e-5                 
4.64859504945624342150900e-4                 
4.02921700746937199404513e-4                 
3.51517841506051077293167e-4                 
3.08500132668622593321574e-4                 
2.72225629419437724077153e-4                 
2.41423026246332554145368e-4                 
2.15098153500749119291725e-4                 
1.92465972665382234146666e-4                 
1.72900995155003620633085e-4                 
1.55900693933697661202684e-4                 
1.41058199364730706631589e-4                 
1.28041710635739582807031e-4                 
1.16578820125907678106092e-4                 
1.06444470111829432644135e-4                 
9.74516216357029772398229e-5                 
8.94439672610616633290133e-5                 
8.22901975135289876022137e-5                 
7.58794580387524390035700e-5                 
7.01177263383679701598133e-5                 
9.82592851686618346098297e-5                 
1.25157372171015278127794e-4                 
1.16214036206174831893072e-4                 
1.08103033388676077761489e-4                 
1.00729728441020894306973e-4                 
9.40121119302630042337560e-5                 
8.78788776312733335356253e-5                 
8.22678273904654788135415e-5                 
7.71245420346084718925309e-5                 
7.24012694219302718967682e-5                 
6.80559905212442952742803e-5                 
6.40516320802901351896174e-5                 
6.03554004949412024247482e-5                 
5.69382162846399893048922e-5                 
5.37742323958878836315033e-5                 
5.08404226082286467314028e-5                 
4.81162287697324381158441e-5                 
4.55832575679298916801388e-5                 
4.32250191455250246738838e-5                 
5.23922875268282584622028e-5                 
6.00187897139540939013021e-5                 
5.70407004022745344018173e-5                 
5.42564626861797755566448e-5                 
5.16505539393107769412770e-5                 
4.92089198010032172107714e-5                 
4.69188146404807572232793e-5                 
4.47686615317975743235183e-5                 
4.27479291002071187173123e-5                 
4.08470232582544526296161e-5                 
3.90572014615092899896139e-5                 
3.73707273791128812032626e-5                 
3.57844524815903308403031e-5                 
3.43338924782445517692482e-5                 
3.32498611224891598874779e-5                 
3.28285123012044642414834e-5                 
3.17107903878590966109354e-5                 
2.83797045216653691888848e-5                 
2.31568159146159966449416e-5                 
1.64997585116002369103837e-5                 
8.63933612125743547314069e-6                 
2.92495130582508743894702e-7                 
1.02040118014034568130856e-5                 
2.10226581318541422360129e-5                 
3.26863045287074698568187e-5                 
4.51390768006822248963014e-5                 
5.83292931379930939567891e-5                 
7.22085584384898580715214e-5                 
8.67313959516241084322528e-5                 
1.01854620193344616071846e-4                 
1.17535476779302646522644e-4                 
1.33728269989207156138854e-4                 
1.50382110979560549477465e-4                 
1.67447921274395056773427e-4                 
1.84907201733897545801829e-4                 
2.02828740137474272419226e-4                 
2.21436738498058068760281e-4                 
