Number of BSplines:  800 and Order of BSplines:   10
Speed of light: 
1.37035989500000000000000e2                  
Relativistic quantum number: 
-1.0000000000000000000000e0                  
Potential constant: 
2.00000000000000000000000e0                  
Knot min: 
1.00000000000000000000000e-1                 
Knot max: 
5.00000000000000000000000e3                  
--------------------------------------------------------------
6.90115411644727021647241e-13                
5.95383993124923742344258e-14                
1.48566714255090716126315e-14                
5.63004857940708568096453e-15                
2.66592710038425205876854e-15                
1.44881665991140325588452e-15                
8.64096580090277377292049e-16                
5.50701326274467316224959e-16                
3.68563802990450010914392e-16                
2.55850624743575470264865e-16                
1.82459662506309703638702e-16                
1.32555168802280814038574e-16                
9.72464934918864991179578e-17                
7.12274352658939823142970e-17                
5.10882322043460614350280e-17                
3.43305662283172021486871e-17                
1.84904364704730115551033e-17                
8.09383460962250581776815e-19                
4.22389504127085771767326e-17                
2.06507000757817506154232e-5                 
4.64859504943994092584727e-4                 
4.02921700746855599978514e-4                 
3.51517841506003821496907e-4                 
3.08500132668588612536580e-4                 
2.72225629419411285875360e-4                 
2.41423026246311162726889e-4                 
2.15098153500731413755536e-4                 
1.92465972665367369724236e-4                 
1.72900995154991029145846e-4                 
1.55900693933686940919359e-4                 
1.41058199364721565607346e-4                 
1.28041710635731808000348e-4                 
1.16578820125901119213992e-4                 
1.06444470111823996987892e-4                 
9.74516216356986376854914e-5                 
8.94439672610584916329136e-5                 
8.22901975135272617390257e-5                 
7.58794580387530703366174e-5                 
7.01177263383757676344317e-5                 
8.12869502284654768191385e-5                 
1.25157372170974254272143e-4                 
1.16214036206164279188148e-4                 
1.08103033388669044938025e-4                 
1.00729728441015334429194e-4                 
9.40121119302582765737003e-5                 
8.78788776312691200793232e-5                 
8.22678273904615620274726e-5                 
7.71245420346046570810564e-5                 
7.24012694219263449342938e-5                 
6.80559905212399875047226e-5                 
6.40516320802850843307179e-5                 
6.03554004949349023778995e-5                 
5.69382162846317221489935e-5                 
5.37742323958766261078238e-5                 
5.08404226082129423678158e-5                 
4.81162287697102275674030e-5                 
4.55832575678983129770942e-5                 
4.32250191454803703455199e-5                 
4.10267011744145696054049e-5                 
5.47799647732922278650640e-5                 
5.70407004021752246668735e-5                 
5.42564626860417919672136e-5                 
5.16505539391157994837376e-5                 
4.92089198007279871699733e-5                 
4.69188146400875883778402e-5                 
4.47686615311885709719569e-5                 
4.27479290934436206220094e-5                 
4.08470229871209077400365e-5                 
3.90571921863326238217703e-5                 
3.73705008258828844588727e-5                 
3.57805496642141246880242e-5                 
3.42875957905406941201679e-5                 
3.28981186706221163380060e-5                 
3.14709906160444451098192e-5                 
2.93648019462816752691195e-5                 
2.58324569872761126536171e-5                 
2.07089608780755933798626e-5                 
1.41562618650426690970671e-5                 
6.34697188678023235421352e-6                 
2.59163853103675335189368e-6                 
1.25661167418183255344765e-5                 
2.35040235050751987684561e-5                 
3.53463258930521680955350e-5                 
4.80428411791030182451673e-5                 
6.15497154528478026686202e-5                 
7.58277711190956754575873e-5                 
9.08417549008731959721603e-5                 
1.06559870421413358054316e-4                 
1.22953900082150176271600e-4                 
1.39999361907914855803738e-4                 
1.57675990873892560735107e-4                 
1.75967861847309284646276e-4                 
1.94863375561686571092634e-4                 
2.14354411820388895991051e-4                 
