Number of BSplines: 1500 and Order of BSplines:   10
Speed of light: 
1.37035989500000000000000e2                  
Relativistic quantum number: 
-1.0000000000000000000000e0                  
Potential constant: 
2.00000000000000000000000e0                  
Knot min: 
1.00000000000000000000000e-12                
Knot max: 
1.00000000000000000000000e4                  
--------------------------------------------------------------
5.11726421451367421283519e-36                
1.17154795848829191822547e-33                
1.22954573859802769709772e-32                
9.56425349935829647738617e-32                
6.19566404196365073881049e-31                
3.47971980383005728682034e-30                
1.73412778124397828652179e-29                
7.79452754955083370761441e-29                
3.19994774505238621418972e-28                
1.21217946065597642517422e-27                
4.27311514088097835047631e-27                
1.41187978428770658651950e-26                
4.39955274540219839065028e-26                
1.29988582633975143690076e-25                
3.65868430590192224933144e-25                
9.85058300381646434210002e-25                
2.54627354364093920716831e-24                
6.33968752643690189125450e-24                
1.52480038657260876199972e-23                
6.56801257899251660438113e-5                 
4.64859504945624395476848e-4                 
4.02921700746937204528199e-4                 
3.51517841506051080435790e-4                 
3.08500132668622595841468e-4                 
2.72225629419437726536303e-4                 
2.41423026246332557112685e-4                 
2.15098153500749123649495e-4                 
1.92465972665382241454697e-4                 
1.72900995155003633725949e-4                 
1.55900693933697685220546e-4                 
1.41058199364730750798636e-4                 
1.28041710635739663469201e-4                 
1.16578820125907823860137e-4                 
1.06444470111829692899053e-4                 
9.74516216357034363515638e-5                 
8.94439672610624636944376e-5                 
8.22901975135303670187547e-5                 
7.58794580387547905276305e-5                 
7.01177263383719368359312e-5                 
1.18837805131694658294308e-4                 
1.25157372171021907045628e-4                 
1.16214036206185798864986e-4                 
1.08103033388694060804876e-4                 
1.00729728441050129517623e-4                 
9.40121119303101432520585e-5                 
8.78788776313487462152516e-5                 
8.22678273905852210707394e-5                 
7.71245420347972410265169e-5                 
7.24012694222258200656548e-5                 
6.80559905217039853633447e-5                 
6.40516320810006293280008e-5                 
6.03554004960327102056375e-5                 
5.69382162863071239014995e-5                 
5.37742323984200541242785e-5                 
5.08404226120541578190198e-5                 
4.81162287754822177819977e-5                 
4.55832575765292221583680e-5                 
5.28537284525392179876556e-5                 
6.32079036857295584966984e-5                 
6.00187897329199248255080e-5                 
5.70407004302526677257806e-5                 
5.42564627272780845800810e-5                 
5.16505539994358464100830e-5                 
4.92089198886182618907762e-5                 
4.69188147676712148887997e-5                 
4.47686617157083415178416e-5                 
4.27479293600045134387215e-5                 
4.08470233325923371874865e-5                 
3.90571904189434821363620e-5                 
3.73704337531920043004330e-5                 
3.57794376481507157036374e-5                 
3.42775008461656123182040e-5                 
3.28584771446231279867388e-5                 
3.15167224925902780419318e-5                 
3.59141002677031558409592e-5                 
3.95422543402245610603292e-5                 
3.79800886158318158218183e-5                 
3.64991572575997407115610e-5                 
3.50942470473083578957780e-5                 
3.37605413650839511059427e-5                 
3.24935854783839058046195e-5                 
3.12892552811616903972053e-5                 
3.01437291096231947548793e-5                 
2.90534623081220454548581e-5                 
2.80151642604002564330773e-5                 
2.70257776385811194161994e-5                 
2.60824596560131949430450e-5                 
2.51825651411686154195512e-5                 
2.43236312792535421391372e-5                 
2.69693094241805075685430e-5                 
2.89002379554596500183657e-5                 
2.79414722349166704856366e-5                 
2.70247303176509666982700e-5                 
2.61477597203315379536426e-5                 
2.53084606467731291412476e-5                 
2.45048774485878556590490e-5                 
2.37351917870159622248056e-5                 
2.29977177477119262738758e-5                 
2.22909007310547858667199e-5                 
2.16133666773211792772148e-5                 
2.09654652605873199752800e-5                 
2.12243219482195181952741e-5                 
2.39827463690128625363120e-5                 
2.32631366100277473741334e-5                 
2.24398448428097647297989e-5                 
2.14510717368570402820477e-5                 
2.02558612071443691358803e-5                 
1.88478134114006682823726e-5                 
1.72871915148955738034624e-5                 
1.60358297122880877333037e-5                 
1.42066672605934900153160e-5                 
1.30528212420975436207590e-5                 
1.25534912141413853127010e-5                 
7.69600276248007590369434e-6                 
6.51705049244491293137893e-6                 
8.69373147270634656079323e-6                 
5.36364663346677702870210e-8                 
1.81098115499566683536185e-5                 
2.43351130988517208670326e-5                 
2.31049722698008067877349e-5                 
3.67639263235008168177772e-5                 
6.52079692198482342334128e-5                 
9.88169379649866275617217e-5                 
