Number of BSplines:  900 and Order of BSplines:    4
Speed of light: 
1.37035989500000000000000e2                  
Relativistic quantum number: 
-1.0000000000000000000000e0                  
Potential constant: 
2.00000000000000000000000e0                  
Knot min: 
1.00000000000000000000000e-3                 
Knot max: 
5.00000000000000000000000e3                  
--------------------------------------------------------------
6.86108360879129083640638e-16                
4.53403703297739189861363e-18                
2.21638575508632996099194e-16                
7.51037621343395295410236e-16                
2.06194076218591874735326e-15                
4.97194282246152722058593e-15                
1.08523267246684157128691e-14                
3.48218415912996704638372e-5                 
6.55886036163522054355377e-3                 
4.69149965475734522492995e-3                 
3.47117020217250717048219e-3                 
2.64010385581867053254613e-3                 
2.05461777283399948759591e-3                 
1.63027368099696584136535e-3                 
1.31521976670616224489931e-3                 
1.10752615347572574292232e-3                 
1.96851069597653339413001e-3                 
1.63968962463618565691091e-3                 
1.38027225042071331876345e-3                 
1.17285825863216143697365e-3                 
1.00503411706641513996910e-3                 
8.67781209688728886441079e-4                 
7.54439547596063348296904e-4                 
6.90359677275344967126937e-4                 
9.32243610648682315765082e-4                 
8.22148797542032161448130e-4                 
7.28746821057982869003655e-4                 
6.48987167621284097284153e-4                 
5.80465140598714274621048e-4                 
5.21267685986409882523347e-4                 
4.69859918679545068969021e-4                 
4.55131152581815462335401e-4                 
5.41579461492420180271818e-4                 
4.92123246285021176607990e-4                 
4.48516678799070513815328e-4                 
4.09918947543383141105219e-4                 
3.75630339202685425727178e-4                 
3.45065343862955312419021e-4                 
3.17731468104738356562025e-4                 
3.23331589723860914244800e-4                 
3.53444895741965571135813e-4                 
3.27136292453128993063559e-4                 
3.03378330338852072245916e-4                 
2.81868901959134046511545e-4                 
2.62347887294841372503790e-4                 
2.44590493607258523603091e-4                 
2.28401776962910901698003e-4                 
2.43822223461870090777694e-4                 
2.48681640624793422519762e-4                 
2.33059909900728259449251e-4                 
2.18721305438712468435051e-4                 
2.05536596428732240866640e-4                 
1.93391879087156291028768e-4                 
1.82186494915841777196147e-4                 
1.71831266259691271853116e-4                 
1.92615912552721039053412e-4                 
1.84428198221661549716903e-4                 
1.74407002478656598711182e-4                 
1.65099827722976019770749e-4                 
1.56444126311213247597189e-4                 
1.48383820271734638148429e-4                 
1.40868533052899600613742e-4                 
1.42253525065984454574045e-4                 
1.49477017100564330938227e-4                 
1.42204651351397141872509e-4                 
1.35397188178979398899834e-4                 
1.29018025838644595966707e-4                 
1.23033972053433518697119e-4                 
1.17414878830517689249771e-4                 
1.12133321363163301129247e-4                 
1.22401225303566437655203e-4                 
1.18108571452681516980948e-4                 
1.12982645558810338547939e-4                 
1.08149633748013122340262e-4                 
1.03588922070946828616652e-4                 
9.92825432977509764900501e-5                 
9.52821163268698902862086e-5                 
1.00625537736500680052403e-4                 
9.94051130733291925235291e-5                 
9.50963220376828028906030e-5                 
9.04773870527648776360599e-5                 
8.54249220541185202315642e-5                 
7.99933940987353171164273e-5                 
7.41047801363386767098834e-5                 
6.73295519049165329759464e-5                 
5.93671301206338819820462e-5                 
5.03237928501786353917278e-5                 
4.04678462319558059162288e-5                 
3.00481592269880838375745e-5                 
1.92132494266495336298435e-5                 
7.94512956234405497550379e-6                 
3.89592264375780813750446e-6                 
1.63886166440452620293394e-5                 
2.94462055298007827775744e-5                 
4.28852205506490379863316e-5                 
5.65638618230798333118780e-5                 
7.04824967052557084385288e-5                 
8.47201584041854394830574e-5                 
9.92341430348399566576848e-5                 
1.13766948140880577159890e-4                 
1.27928637831877439358433e-4                 
1.41241828437408359547376e-4                 
1.52810290531315703463268e-4                 
1.61489698136959596534215e-4                 
1.69526782411974267615572e-4                 
