Number of BSplines:  800 and Order of BSplines:   10
Speed of light: 
1.37035989500000000000000e2                  
Relativistic quantum number: 
-1.0000000000000000000000e0                  
Potential constant: 
2.00000000000000000000000e0                  
Knot min: 
1.00000000000000000000000e-4                 
Knot max: 
5.00000000000000000000000e3                  
--------------------------------------------------------------
3.50735475092134333339118e-19                
3.02559164538465675579026e-20                
7.54934798781132651453688e-21                
2.86073419401163548713960e-21                
1.35453349939167367498046e-21                
7.36084072668034915093620e-22                
4.38978110397141412581826e-22                
2.79739812700732479928357e-22                
1.87195196194286372672405e-22                
1.29924424270548096383820e-22                
9.26312464607740584075684e-23                
6.72678710602292102333977e-23                
4.93136951147938061716448e-23                
3.60650837215587061285139e-23                
2.57713339684859396395255e-23                
1.71183838258250012232171e-23                
8.74032462903088788870369e-24                
1.92248779074608112332758e-24                
2.61891782412243827596733e-23                
5.40498472857806585527149e-5                 
4.64859504945624395120403e-4                 
4.02921700746937204418803e-4                 
3.51517841506051080258518e-4                 
3.08500132668622595494339e-4                 
2.72225629419437725831068e-4                 
2.41423026246332555683433e-4                 
2.15098153500749120792666e-4                 
1.92465972665382235839987e-4                 
1.72900995155003622880112e-4                 
1.55900693933697664618920e-4                 
1.41058199364730712288572e-4                 
1.28041710635739592570085e-4                 
1.16578820125907695196818e-4                 
1.06444470111829462568363e-4                 
9.74516216357030293025582e-5                 
8.94439672610617530818710e-5                 
8.22901975135291407557681e-5                 
7.58794580387526976041830e-5                 
7.01177263383684019244585e-5                 
1.09153081905641119692612e-4                 
1.25157372171015995727315e-4                 
1.16214036206176006848799e-4                 
1.08103033388677986279269e-4                 
1.00729728441023967968645e-4                 
9.40121119302679135536905e-5                 
8.78788776312811127835507e-5                 
8.22678273904777122839841e-5                 
7.71245420346275702734728e-5                 
7.24012694219598799859692e-5                 
6.80559905212898901824610e-5                 
6.40516320803598994380284e-5                 
6.03554004950472918833175e-5                 
5.69382162848003657060041e-5                 
5.37742323961289508892167e-5                 
5.08404226085890269528593e-5                 
4.81162287702683571721298e-5                 
4.55832575687228293154588e-5                 
4.32250191466925404860554e-5                 
6.31867878050319746318160e-5                 
6.00187897156650819534357e-5                 
5.70407004047706628128026e-5                 
5.42564626898054858894822e-5                 
5.16505539445551426519078e-5                 
4.92089198085581578278487e-5                 
4.69188146513223741723583e-5                 
4.47686615473505604320831e-5                 
4.27479291260360775880634e-5                 
4.08470234774058481589794e-5                 
3.90572084011178452866569e-5                 
3.73709118698589149296230e-5                 
3.57880483742206867669848e-5                 
3.43856683246777212186712e-5                 
3.37562728937642311986579e-5                 
3.46736125077082446903388e-5                 
3.38323465321315265705676e-5                 
3.01101705315867632472056e-5                 
2.46494587388952537093489e-5                 
1.78894671557933903976798e-5                 
1.00072862224954864144575e-5                 
1.11212453848612000243683e-6                 
8.71119195391430346862452e-6                 
1.93889562308398179041213e-5                 
3.08528177704566924979324e-5                 
4.30360991692914390986606e-5                 
5.58693834790193014207589e-5                 
6.92723773194080531108276e-5                 
8.31411113222694549874203e-5                 
9.73437116390466929706009e-5                 
1.11773992476424444382463e-4                 
1.26517863643189593915293e-4                 
1.42032603463226505014552e-4                 
1.59125933078446969250624e-4                 
1.78710537365517171074834e-4                 
2.01467554092180648126204e-4                 
