3.09386972793188713371292e-21                
2.66779108204458593766338e-22                
6.65437871253964960871410e-23                
2.52020967775189085635417e-23                
1.18877887606649419188356e-23                
6.22226114567709386234662e-24                
2.51911223224278958784589e-24                
3.83277419493652005693700e-24                
2.53161894100451111524704e-23                
1.05674339536537984741113e-22                
3.93856141238894546697243e-22                
1.36917481454118595497920e-21                
4.49249981423413241859549e-21                
1.40015176058988964830404e-20                
4.16501665545954775595039e-20                
1.18739846872602449865653e-19                
3.25595403796187990139950e-19                
8.61486351703690407926993e-19                
2.20568250471379182949977e-18                
2.00334963252974720482819e-4                 
4.64859504945629874031240e-4                 
4.02921700746950436316302e-4                 
3.51517841506082218733199e-4                 
3.08500132668694128936318e-4                 
2.72225629419598416641827e-4                 
2.41423026246685094246358e-4                 
2.15098153501065910661452e-4                 
1.92465972550461383463500e-4                 
1.72900976550769467673642e-4                 
1.55899039531223247632182e-4                 
1.40986144626236858970989e-4                 
1.26666244478452821227926e-4                 
1.05609442456122999988223e-4                 
6.42066971552958560381275e-5                 
4.59957164218864441506922e-6                 
9.99362377846648981933147e-5                 
2.19254593802840487271367e-4                 
3.60307594986385530322701e-4                 
5.21090936690000463060084e-4                 
6.99309948520026450505207e-4                 
8.92108157567738481508142e-4                 
1.09804467342162592462036e-3                 
