3.26562313952900685614265e-21                
2.81498632173746990609622e-22                
7.01396608274611030481547e-23                
2.60813279654815473278680e-23                
9.10108032871508982307847e-24                
1.39750534275259161132119e-23                
1.06698849601225128855330e-22                
5.31216322700135809304322e-22                
2.35637677673635385812252e-21                
9.64495199333107356034649e-21                
3.68460496359391143893053e-20                
1.32368037740955779781027e-19                
4.49930472768993232762335e-19                
1.45468098679765968267426e-18                
4.49413204172717303110302e-18                
1.33208932186066974934389e-17                
3.80172939756081255959289e-17                
1.04801666994595449495802e-16                
2.79850388131859901385051e-16                
3.08274673976445761592394e-4                 
4.64859504946350098880329e-4                 
4.02921700748768940849644e-4                 
3.51517841510560665915821e-4                 
3.08500132679471749441599e-4                 
2.72225629444987255532517e-4                 
2.41423026305321874225525e-4                 
2.15098153634568510281037e-4                 
1.92465973030045368786857e-4                 
1.72901005428578540632882e-4                 
1.55901068035884628087593e-4                 
1.41051736184821811449815e-4                 
1.27533585237447437100181e-4                 
1.09945612204989262232680e-4                 
7.40497647734951594663380e-5                 
1.00270452494389295034918e-5                 
8.17690074727405499002716e-5                 
1.98392191677872441570293e-4                 
3.34934725029810939977589e-4                 
4.83885732327088244614835e-4                 
6.50580579513042478729355e-4                 
8.66559786533537970903953e-4                 
