Number of BSplines: 20 and Order of BSplines: 10
Speed of light: 
1.37035989500000000000000e2                  
Relativistic quantum number: 
-1.0000000000000000000000e0                  
Potential constant: 
2.00000000000000000000000e0                  
Knot min: 
2.00000000000000000000000e-5                 
Knot max: 
1.00000000000000000000000e3                  
--------------------------------------------------------------
2.76056029178602883851947e-21                
2.38136082260042553861701e-22                
5.94185751469750573585755e-23                
2.25158472697622528897430e-23                
1.06610120857844156595708e-23                
5.79340260354737073078647e-24                
3.45498352363288636254699e-24                
2.20166470174188339532017e-24                
1.47322973371560209146428e-24                
1.02228471359613141228122e-24                
7.28119713822533094797976e-25                
5.26430335093743524282567e-25                
3.78886444053953119321587e-25                
2.56755012846863507409505e-25                
1.26990017274135337457693e-25                
6.84496948243411739927753e-26                
4.53839894708451615716578e-25                
1.30997688163635634679206e-24                
3.30553759719845423442559e-24                
5.68174977560636622250260e-5                 
4.64859504945624395446101e-4                 
4.02921700746937204463791e-4                 
3.51517841506051080294373e-4                 
3.08500132668622595538234e-4                 
2.72225629419437724282625e-4                 
2.41423026246330720755880e-4                 
2.15098153499664812760167e-4                 
1.92465972334598870320709e-4                 
1.72900943744939251046563e-4                 
1.55896752493977180525413e-4                 
1.40916469816939856040977e-4                 
1.25823531379624860998965e-4                 
1.01672648616636259728010e-4                 
5.52036269500429237607246e-5                 
1.87502910499083823000057e-5                 
1.18784635913130006587186e-4                 
2.42526098396595786719191e-4                 
3.87996546533825199453967e-4                 
5.53611381210947497256361e-4                 
7.38064674120276096688282e-4                 
9.40248989058812435225073e-4                 
