2.69024573489090520426896e-21                
2.32083414680870132044917e-22                
5.79108036748994238414402e-23                
2.19453707151893185617907e-23                
1.03913264681202232391566e-23                
5.64710994118714988683622e-24                
3.36792419379191573538698e-24                
2.14634264962091874818617e-24                
1.43638851380774164465217e-24                
9.97036494860352361235719e-25                
7.10944497172358038200286e-25                
5.16369469768662325700814e-25                
3.78612140277299600519591e-25                
2.76874238912642685303096e-25                
1.97574582353343032357921e-25                
1.30265343639657146880050e-25                
6.36435152741177583370009e-26                
2.34817478337653638943277e-26                
2.16919478582300193659690e-25                
3.75880283721298723553078e-5                 
4.64859504945624395437886e-4                 
4.02921700746937204447777e-4                 
3.51517841506051080259333e-4                 
3.08500132668622595463492e-4                 
2.72225629419437724088403e-4                 
2.41423026246330636528220e-4                 
2.15098153499594368159652e-4                 
1.92465972309588322476435e-4                 
1.72900939824682600900912e-4                 
1.55896479058806037396847e-4                 
1.40908311102242602518686e-4                 
1.25728705361885140898197e-4                 
1.01244240431438472016416e-4                 
5.42243601370083454137368e-5                 
2.03268746191713071089529e-5                 
1.20948765324804486478257e-4                 
2.45272128863617509888533e-4                 
3.91334371412341425247212e-4                 
5.57569400613067384840496e-4                 
7.42691808664330857340278e-4                 
9.45616747017182507080320e-4                 
