5.41898017773962609231552e-21                
3.41676496992848161264761e-17                
5.80961779709482699433351e-16                
7.43992273435281421656615e-15                
8.07156536239200836146167e-14                
7.70225072573443069602167e-13                
6.81732106431835567462595e-12                
5.31225100916083102933082e-11                
3.72612609767007423304715e-10                
2.74167552519620119178039e-9                 
2.03827545749922151442222e-8                 
1.42050744876226559314516e-7                 
9.26238817465672558765543e-7                 
5.90036431774119594037035e-6                 
4.37641428598951219252010e-5                 
4.35523803871786470910320e-4                 
7.79932718937110142061224e-4                 
7.28691859966964320617536e-4                 
6.55447363596162017215449e-4                 
5.07441182462734947483160e-4                 
3.09623302735405163520484e-4                 
1.10594955452766382310315e-4                 
6.56420091591860627516281e-5                 
2.09630966728164277041651e-4                 
3.19015321647150549186560e-4                 
3.95758295586308356350032e-4                 
4.35910660469392337191161e-4                 
5.16763624752446721549824e-4                 
4.61073029978253935818272e-4                 
1.33974333004311651354233e-3                 
1.27814352386158972514577e-3                 
1.53959266233291680678609e-3                 
