2.95770415194061584883830e-21                
2.55087846813687141745414e-22                
6.36378870433651363740738e-23                
2.41109172737565315718079e-23                
1.14138643187156263376038e-23                
6.19817602237607252660346e-24                
3.67954107533563262401012e-24                
2.27227398606600095009736e-24                
1.22568610140407877471533e-24                
2.63647872791952452859197e-25                
4.11944353013720250113035e-24                
1.60287010607382709506593e-23                
5.26625343564237924139583e-23                
1.60847618241950397796858e-22                
4.66397085653277711556525e-22                
1.29363644214686411142844e-21                
3.44750418318416151426047e-21                
8.85760213254357912215769e-21                
2.20047322629517456112423e-20                
1.31285872901108100084217e-4                 
4.64859504945624448432985e-4                 
4.02921700746937328452267e-4                 
3.51517841506051362797282e-4                 
3.08500132668623223451267e-4                 
2.72225629419439088404947e-4                 
2.41423026246334024165671e-4                 
2.15098153499983938607364e-4                 
1.92465972440986010754403e-4                 
1.72900960086243000403517e-4                 
1.55897886852518705474746e-4                 
1.40950594407504033012729e-4                 
1.26227794168743430748885e-4                 
1.03529153452446240421983e-4                 
5.94475140342211032076904e-5                 
1.20011613519566122716721e-5                 
1.09664550529579871568224e-4                 
2.31118457900043488478931e-4                 
3.74282476081054793204649e-4                 
5.37460819349150110993809e-4                 
7.19219538382344734504065e-4                 
9.18265261670869275932019e-4                 
1.13330284986216328087824e-3                 
