4.06775949704476102122595e-1                 
2.34269332639928651181786e-1                 
1.54339689218995978672096e-1                 
9.99806674524414111930900e-2                 
6.79066380530727720757581e-2                 
4.85034559389511820929941e-2                 
3.61225280321638304084501e-2                 
2.78084080352849898580158e-2                 
2.19751851685102034742993e-2                 
1.77434383974601533225674e-2                 
1.45140733597834303669048e-2                 
