2.12050537348501395559626e-2                 
6.88873026034551172976839e-2                 
5.86152073149746883971723e-2                 
4.79027668329925292768877e-2                 
4.52987580202341679135892e-2                 
3.84645630676555732666940e-2                 
3.11392685490564336759532e-2                 
2.50746596093998902837820e-2                 
2.03575639533792521018422e-2                 
1.67191685360553918478375e-2                 
1.38885378577075948189669e-2                 
1.16753711905534419529167e-2                 
9.84271623825354456218026e-3                 
