4.07611600265803189985180e-21                
2.43538740562113400262683e-21                
3.58270329866475966514456e-20                
3.46984571830406382243318e-19                
2.81992629554973956405043e-18                
2.00606500716187178344732e-17                
1.27865968868798906662847e-16                
7.42379048153800453226006e-16                
3.97660598178810784450286e-15                
1.98580959018366886290845e-14                
9.32594073692052713331312e-14                
4.14974107193815252976617e-13                
1.76095323630459105669636e-12                
7.16940518745145945751731e-12                
2.81732099360178301442331e-11                
1.07549923295606732201307e-10                
4.03209115906164352116656e-10                
4.66834320828401166651318e-6                 
6.32679391923380838808885e-4                 
5.40179476325888896877918e-4                 
4.64876499884673603444055e-4                 
4.02978422530717872517352e-4                 
3.51694401315924723981455e-4                 
3.08980993939327440501723e-4                 
2.73247252885296467916305e-4                 
2.42827144186419522223143e-4                 
2.16795877694781364594837e-4                 
2.15968738592381301162534e-4                 
2.88255916675089384433218e-4                 
2.72764105586892905851939e-4                 
2.31655437854256515989163e-4                 
1.53429988136865000952090e-4                 
1.64143267428488936131454e-4                 
1.78015454882566001734902e-4                 
1.07868745994522494533933e-4                 
7.47792993743242566324172e-5                 
