2.49995766594842330235926e-18                
6.17278184189666838051004e-15                
1.39695582552579637788915e-13                
2.35113499883457724181137e-12                
2.99363999815634648883103e-11                
3.76520813547139247713651e-10                
2.18067026168261410604009e-9                 
1.88662276281499509164443e-8                 
1.88067590534865207363264e-7                 
1.36366162466148828966282e-6                 
6.98839370597053760269626e-6                 
2.35290552973605915787680e-5                 
3.87900866630317547662490e-5                 
1.08621110406754438077191e-4                 
1.26343564679475408388388e-3                 
8.72408582872302558832724e-4                 
4.34920603966706954445147e-4                 
2.96888171983908622620569e-5                 
3.11991280608392064049106e-4                 
5.79062420010785494254107e-4                 
7.72198466637191296891622e-4                 
8.98719500445184235065144e-4                 
9.69314156261828168519720e-4                 
9.94354783762294245342064e-4                 
1.00517306687691797193189e-3                 
9.25402363705427296096102e-4                 
1.46138678954678677627631e-3                 
1.36268909370741442278420e-3                 
