3.83455680475360298434238e-4                 
1.03994068039370152786135e-3                 
5.78303389045573521991227e-3                 
1.04282977956935659466359e-2                 
9.81529212117492008992570e-3                 
1.01703685351458582849195e-2                 
1.37892144071010285015730e-2                 
1.51511774690386228116384e-2                 
1.45745308095701335255779e-2                 
1.32027050612221452339896e-2                 
1.16543564494591593798341e-2                 
1.01829327445654419544855e-2                 
8.87049815577796266783327e-3                 
7.72773888554490457266024e-3                 
6.78781559612076738029414e-3                 
5.89331661133139073412291e-3                 
