3.47817003458247862858116e-21                
2.99283599072366541855608e-22                
7.00832357874129454102731e-23                
1.10694359989252884569580e-23                
2.66991316372980333467257e-22                
1.73405849001239907874045e-21                
9.64400091072371070587132e-21                
4.84702941160765838808892e-20                
2.23586861450842293290912e-19                
9.56483962710070842225294e-19                
3.82664478567203313243644e-18                
1.44192278274840067329186e-17                
5.14854158431562879689754e-17                
1.75117215718517168010553e-16                
5.69998011508782352901318e-16                
1.78269722111800789726495e-15                
5.37652979033151092837004e-15                
1.56869409447706553937498e-14                
4.44051570065835583395045e-14                
4.75405211836989299116932e-4                 
4.64859505067891784259321e-4                 
4.02921701075172909973567e-4                 
3.51517842367008538856131e-4                 
3.08500134879373463830229e-4                 
2.72225634986560746829624e-4                 
2.41423040017290437970704e-4                 
2.15098187011821623085637e-4                 
1.92466053452660366571594e-4                 
1.72901246371643866950305e-4                 
1.55905462381348901221371e-4                 
1.41195529156157794930477e-4                 
1.29820102866631940481705e-4                 
1.22232082334980848959853e-4                 
1.00602549022748804671921e-4                 
4.23832028156445710923263e-5                 
5.15353534127538463330228e-5                 
1.41169418084909088258495e-4                 
2.59458449030707745572196e-4                 
5.22501761717317886650586e-4                 
6.87025747053497368693160e-4                 
6.77436569904012336772718e-4                 
9.92404832679520675171034e-4                 
