Number of BSplines: 20 and Order of BSplines: 10
Speed of light: 
1.37035989500000000000000e2                  
Relativistic quantum number: 
-1.0000000000000000000000e0                  
Potential constant: 
2.00000000000000000000000e0                  
Knot min: 
2.00000000000000000000000e-5                 
Knot max: 
1.00000000000000000000000e3                  
--------------------------------------------------------------
2.84853123150667360569783e-21                
2.45703869452683897081669e-22                
6.13028704319319898557787e-23                
2.32284611784107871436258e-23                
1.09977244364469301395868e-23                
5.97591298976740040193706e-24                
3.56330816772417532724165e-24                
2.26947431159668339187321e-24                
1.51441756389212938850781e-24                
1.03582462030232737874611e-24                
6.86006223050027437587011e-25                
3.27548217896368926275699e-25                
2.85145218433041344214055e-25                
1.74908886679397677619792e-24                
5.58934390616603493956932e-24                
1.56208109044470242471324e-23                
4.10691289266977675294643e-23                
1.03496905952355898335395e-22                
2.51753101853015428968969e-22                
8.63206871494213767374125e-5                 
4.64859504945624396031973e-4                 
4.02921700746937205802198e-4                 
3.51517841506051083273597e-4                 
3.08500132668622602004106e-4                 
2.72225629419437738066401e-4                 
2.41423026246330897834771e-4                 
2.15098153499782615406110e-4                 
1.92465972375213267616820e-4                 
1.72900950023021454363518e-4                 
1.55897188330454054453594e-4                 
1.40929507794792549187443e-4                 
1.25976351086003642841031e-4                 
1.02368171745457805039769e-4                 
5.67929650620728446855539e-5                 
1.62072982614408327500124e-5                 
1.15321333195341341312493e-4                 
2.38163442529096228158341e-4                 
3.82723663158734118321801e-4                 
5.47381144067449181226840e-4                 
7.30790593633725920685877e-4                 
9.31800862398626395448361e-4                 
