2.02973067823863234269276e-6                 
5.07817980919626130641320e-6                 
2.67552718647960619347428e-4                 
1.37150037819816896694647e-3                 
3.08218446487711679016137e-3                 
3.20127242442965643497204e-3                 
2.58439835246351439856298e-3                 
5.22170352971053487289130e-3                 
7.62496218373737308926126e-3                 
8.63829094785921272754803e-3                 
8.68413753341128494292873e-3                 
8.22374057682191480873672e-3                 
7.54904038665916419319549e-3                 
6.81661805025599484114073e-3                 
6.10225921959945436227746e-3                 
5.43445922590948487335879e-3                 
4.90794184616308629381069e-3                 
4.32042210896259062515509e-3                 
