Number of BSplines: 20 and Order of BSplines: 10
Speed of light: 
1.37035989500000000000000e2                  
Relativistic quantum number: 
-1.0000000000000000000000e0                  
Potential constant: 
2.00000000000000000000000e0                  
Knot min: 
1.00000000000000000000000e-6                 
Knot max: 
5.00000000000000000000000e3                  
--------------------------------------------------------------
4.29739347362688287663954e-23                
1.87068482013410270876124e-17                
3.10368581669804718703384e-16                
3.87519613171987598447818e-15                
4.09535945382713942466782e-14                
3.81894641299440320471309e-13                
3.25847780111137435182368e-12                
2.51499893649394681075323e-11                
1.75425749856875813308154e-10                
1.25375074092122179759299e-9                 
9.08885332884966049255855e-9                 
6.28254976891821395567349e-8                 
4.16240848242447864473611e-7                 
2.80267894107405035643058e-6                 
2.28521931980800111583349e-5                 
3.29482197211569801500000e-4                 
7.59316990702981901150326e-4                 
6.86753048152146681483176e-4                 
6.34901472567653836445556e-4                 
5.67238363559590025172659e-4                 
4.08101403385281167536917e-4                 
2.07475654513901320850357e-4                 
6.93747563299599351990301e-6                 
1.77806366042975545648189e-4                 
3.41297910121216671345738e-4                 
4.82162381470325133366783e-4                 
6.00875599660114112430373e-4                 
6.98786662634639523612323e-4                 
7.77615173518683801690195e-4                 
8.39165899155930201822737e-4                 
8.85162128166201803138110e-4                 
9.17160169283896654136490e-4                 
9.36536438106385568644132e-4                 
9.44543077517088541811739e-4                 
9.42405464779510955411575e-4                 
9.31408343162476925920047e-4                 
9.12925375463065722033105e-4                 
8.88386946884308892586870e-4                 
8.59305993668862697577533e-4                 
8.24784631571546250100163e-4                 
8.13650253343429244797702e-4                 
7.71260280826486274669883e-4                 
7.27725220703354765637772e-4                 
