2.16215239691501417844851e-23                
1.86516164555780245210920e-24                
4.65387994335555576706554e-25                
1.76352963196352695354516e-25                
8.35014570422332454307780e-26                
4.53760249381631934262206e-26                
2.70584469819686977914515e-26                
1.72325882101684973672931e-26                
1.14899833951038666805245e-26                
7.82146571047587677442326e-27                
5.05114344336692681607508e-27                
1.97865542807087895697757e-27                
3.68418646061588191681545e-27                
1.75457497774625244500696e-26                
5.37664981512677611274705e-26                
1.47180777144619863928500e-25                
3.80493798246584187485836e-25                
9.43308590405297903219757e-25                
2.25653186661168184564835e-24                
5.46236890782824955824316e-5                 
4.64859504945624395446529e-4                 
4.02921700746937204459600e-4                 
3.51517841506051080284699e-4                 
3.08500132668622595517087e-4                 
2.72225629419437725856288e-4                 
2.41423026246332555718535e-4                 
2.15098153500749120850187e-4                 
1.92465972665382235942669e-4                 
1.72900995155003623069497e-4                 
1.55900693933697664970239e-4                 
1.41058199364730712936330e-4                 
1.28041710635739593751537e-4                 
1.16578820125907697324962e-4                 
1.06444470111829466353043e-4                 
9.74516216357030359491992e-5                 
8.94439672610617646141616e-5                 
8.22901975135291605344067e-5                 
7.58794580387527311527773e-5                 
7.01177263383684582274378e-5                 
1.09629702194095232721464e-4                 
1.25157372171016089315776e-4                 
1.16214036206176160880197e-4                 
1.08103033388678237503371e-4                 
1.00729728441024374170451e-4                 
9.40121119302685649096164e-5                 
8.78788776312821489983496e-5                 
8.22678273904793482940326e-5                 
7.71245420346301345691419e-5                 
7.24012694219638714232485e-5                 
6.80559905212960617461330e-5                 
6.40516320803693810998696e-5                 
6.03554004950617699054730e-5                 
5.69382162848223430756558e-5                 
5.37742323961621238687518e-5                 
5.08404226086388271351905e-5                 
4.81162287703427285141810e-5                 
4.55832575688333375320255e-5                 
4.36792449476439951712874e-5                 
6.32079036742604215216138e-5                 
6.00187897159055949843127e-5                 
5.70407004051230708098088e-5                 
5.42564626903196145152954e-5                 
5.16505539453020800712593e-5                 
4.92089198096389631946281e-5                 
4.69188146528802436949556e-5                 
4.47686615495899859454907e-5                 
4.27479291294048259660400e-5                 
4.08470234906147646110566e-5                 
3.90572087359095451998253e-5                 
3.73709210496354361603088e-5                 
3.57882387913619308623244e-5                 
3.43887115535334766143104e-5                 
3.37900483827499288625050e-5                 
3.47825297056783773975422e-5                 
3.39283835773331141218528e-5                 
3.01813831072891762179994e-5                 
2.47104748624954662066782e-5                 
1.79470295680617728458167e-5                 
1.00650121536272709473564e-5                 
1.17266194864705417729415e-6                 
8.64537324202002048162372e-6                 
1.93151893384506272778229e-5                 
3.07679723674941154443807e-5                 
4.29362200665886092480268e-5                 
5.57488901764654030327469e-5                 
6.91222796198286937306147e-5                 
8.29461963563301232783275e-5                 
9.70822188501482556074972e-5                 
1.11431333420727032207366e-4                 
1.26121712706805288062891e-4                 
1.41680655371261201926520e-4                 
1.58974173877189533354388e-4                 
1.78923773241848446178489e-4                 
2.02168583969647075589483e-4                 
