5.79519664906216108839012e-2                 
7.13010032981643295889114e-2                 
1.07912147872308849576436e-1                 
9.43648138392493528311450e-2                 
7.00358235725981218604558e-2                 
5.13426072187074091678879e-2                 
3.86149929923999770402633e-2                 
2.99075095335941257555488e-2                 
2.37730693641709988167816e-2                 
1.93138755352795083472652e-2                 
1.59787566492764929911238e-2                 
1.34212697384182382522425e-2                 
1.14137273919124402012431e-2                 
