2.60063786978978724568657e-11                
5.10850824043178618927432e-10                
3.76061365275738701495314e-9                 
1.53968930080993136334791e-8                 
1.15189876221735822507669e-6                 
6.53209349897513923004225e-6                 
3.31174457683020854996916e-5                 
1.76371633108458648982008e-4                 
5.02048713926267210775395e-4                 
3.31257650046800638845791e-4                 
5.98529879413244167308417e-4                 
1.67346536116297484944909e-3                 
2.56984062365207396686087e-3                 
3.21916326350221569871346e-3                 
3.63861812108191197556499e-3                 
3.86903424937561364346024e-3                 
3.95334751965320465081657e-3                 
3.92939705652954242760216e-3                 
3.82840195426790834693539e-3                 
3.67555694395257365800737e-3                 
3.49092140255966981509636e-3                 
3.28994060461903296935450e-3                 
3.08382047766939121585298e-3                 
2.88010562339454108143546e-3                 
2.68348597281381245212525e-3                 
2.49658417965368546897755e-3                 
2.32395818448257120140322e-3                 
2.15347184769659953677758e-3                 
