1.66887798393368093142508e-8                 
1.79485685221542400073340e-7                 
1.44531286478780520030859e-6                 
2.63288408772256545554308e-5                 
1.19373657731547605294354e-4                 
4.55907226768046262287360e-4                 
1.36952021546790741438053e-3                 
2.73613256091044823241412e-3                 
3.02146936277169448409182e-3                 
1.57298940682924789329609e-3                 
2.97521525975773739624044e-3                 
4.36682283281219651127682e-3                 
5.19467183945494148367530e-3                 
5.57262682518031216825755e-3                 
5.63764171221014755711797e-3                 
5.49983491150157429462004e-3                 
5.24104221186190328202898e-3                 
4.91952712512795073277712e-3                 
4.57442055305954200086776e-3                 
4.22994843001558840465293e-3                 
3.89966150710596173870494e-3                 
3.59015495088689310599236e-3                 
3.30387485720941330488092e-3                 
3.04250807218738143128339e-3                 
2.79630726447874680291493e-3                 
