3.40243096051050153410385e-2                 
7.92263755903202653116451e-2                 
9.10317857784700958391962e-2                 
8.13953611457483504098105e-2                 
6.42542878561201874507227e-2                 
4.89675357167587938061417e-2                 
3.75497939373838922258867e-2                 
2.93701458751584480489269e-2                 
2.34741624054643414818969e-2                 
1.91353139506472561134091e-2                 
1.58670088508046480220603e-2                 
1.33498045697889864962207e-2                 
1.13716687046130920907479e-2                 
9.78534298628254849237368e-3                 
