Number of BSplines: 20 and Order of BSplines: 10
Speed of light: 
1.37035989500000000000000e2                  
Relativistic quantum number: 
-1.0000000000000000000000e0                  
Potential constant: 
2.00000000000000000000000e0                  
Knot min: 
1.00000000000000000000000e-6                 
Knot max: 
5.00000000000000000000000e3                  
--------------------------------------------------------------
2.54535488535028910339127e-23                
2.19046325402021568323123e-24                
5.05771141767299064597087e-25                
1.32265170824949930147386e-25                
2.22724198159891203144079e-24                
1.38048313391537512891017e-23                
7.35158416182240010099494e-23                
3.53283602784990448881828e-22                
1.55555701955848527315994e-21                
6.34142386479328399465031e-21                
2.41372456056291860254413e-20                
8.63918971284369805854178e-20                
2.92538891400190545218846e-19                
9.42118389693563645569851e-19                
2.89890585981819564936388e-18                
8.55704104080792399093720e-18                
2.43178476322974112488011e-17                
6.67448107915744551046363e-17                
1.77432078075062875338755e-16                
2.96269465100591705866203e-4                 
4.64859504946082403826927e-4                 
4.02921700748087834558330e-4                 
3.51517841508870226374683e-4                 
3.08500132675371506333966e-4                 
2.72225629435251121904833e-4                 
2.41423026282654423250497e-4                 
2.15098153582648685259799e-4                 
1.92465972846905947537997e-4                 
1.72900995550958941383128e-4                 
1.55900694784644454228075e-4                 
1.41058201168364485568992e-4                 
1.28041714409706856328109e-4                 
1.16578827928464073084218e-4                 
1.06444486064156717972546e-4                 
9.74516539128949681071057e-5                 
8.94440319407171732196138e-5                 
1.13271916234047064359218e-4                 
1.58169784003359307258918e-4                 
1.45997437358748899881433e-4                 
1.35043124606025036299754e-4                 
1.25158331619487419334935e-4                 
1.16215886120483887274630e-4                 
1.08106579911376219361682e-4                 
1.00736495438529363590697e-4                 
9.40249819357776029169562e-5                 
8.79033360499606767622168e-5                 
8.23144564005863983583551e-5                 
7.72141914092991207110351e-5                 
7.25768698499269707541782e-5                 
8.30904296146828043483481e-5                 
9.94368998486964436441906e-5                 
9.39370670320214126622886e-5                 
8.89812906124866844700459e-5                 
8.43567236929405507868275e-5                 
7.97734791470175658221977e-5                 
7.73662884324951263826066e-5                 
8.81067237400440834347571e-5                 
8.58917639736617570155379e-5                 
7.80241912549469818128624e-5                 
6.92862783381747364316327e-5                 
6.02042983665607580969932e-5                 
5.10105552641770873079172e-5                 
4.83102270470058704723385e-5                 
5.73309459390500086283395e-5                 
4.76226565163205485404786e-5                 
3.81318662152708342590337e-5                 
2.90307856628360600828741e-5                 
2.03565819174063719842309e-5                 
1.32268882351975404166534e-5                 
2.00220059307510594565226e-6                 
2.15444410362995181943382e-6                 
4.19182527816254533140386e-5                 
3.78593956873992371924717e-5                 
7.73141617217858384266371e-5                 
2.74094828018908112096987e-4                 
2.70320990375404286441370e-4                 
