9.11967843138919462267262e-1                 
3.94684297551801228779758e-1                 
2.03075257524527439985991e-1                 
1.19026795169014617532054e-1                 
7.73386669092620584676840e-2                 
5.40625708334388319553505e-2                 
3.98406340336282051849817e-2                 
3.05398664646344382381059e-2                 
2.41307844258654109341915e-2                 
1.95279486709232797189826e-2                 
1.61067923806566523983301e-2                 
