2.34340347602711339301311e-6                 
1.16816687945972522310924e-5                 
2.10856374411406070320860e-4                 
7.22402556397252378648183e-4                 
2.21579463259168247378912e-3                 
5.16868224559864170856733e-3                 
8.42413475812704169266441e-3                 
1.06937616677213737831948e-2                 
1.17116112249108281567432e-2                 
1.16868165007495483288294e-2                 
1.01167589662181281041298e-2                 
8.91474907543975400085132e-3                 
8.55285593858261563501528e-3                 
8.00071096696262519155622e-3                 
7.35128650414633640875898e-3                 
6.69024049085165602007432e-3                 
6.06275061193089151818043e-3                 
5.48776539146238623392868e-3                 
4.97003673846039947748022e-3                 
4.50751154551141792658512e-3                 
4.09607594235633914240199e-3                 
3.72363236781922183381366e-3                 
