2.41653136617224355081748e-23                
2.08371957942585227578168e-24                
5.19188506769118983314531e-25                
1.92184324497214266979334e-25                
6.16259102531659284766579e-26                
1.32845122197797827044676e-25                
9.17801063098120670827869e-25                
4.40823023655205196687995e-24                
1.89152440651262250076001e-23                
7.48205951074907303091174e-23                
2.75871172424978562904135e-22                
9.55289657626541458682842e-22                
3.12602488498200108348658e-21                
9.71817610176808356086519e-21                
2.88351521906041716074944e-20                
8.19918895513166532771610e-20                
2.24228829126815088723873e-19                
5.91657158155616748913059e-19                
1.51057926420970681904304e-18                
1.93338278532385206453831e-4                 
4.64859504945628136712036e-4                 
4.02921700746946213776838e-4                 
3.51517841506072218129851e-4                 
3.08500132668671005760915e-4                 
2.72225629419546133172549e-4                 
2.41423026246570291948618e-4                 
2.15098153501260401748175e-4                 
1.92465972666461955582089e-4                 
1.72900995157245248618230e-4                 
1.55900693938277899489686e-4                 
1.41058199373950476727807e-4                 
1.28041710654040005956809e-4                 
1.16578820161757154549926e-4                 
1.06444470181192742477791e-4                 
9.74516217683576066916810e-5                 
8.94439675119953092419281e-5                 
8.22901979833339131130622e-5                 
9.42086540314632294612035e-5                 
1.45997185248201475726420e-4                 
1.35042631788814721892190e-4                 
1.25157375086074542303032e-4                 
1.16214041472877858289602e-4                 
1.08103042831512646678068e-4                 
1.00729745249539791029686e-4                 
9.40121416469584749713687e-5                 
8.78789298332593225489830e-5                 
8.22679185394548802419286e-5                 
7.71247002870352106669174e-5                 
7.24015427168425658481819e-5                 
6.80564601333777779651695e-5                 
6.40524352636207546470756e-5                 
6.03567682248098521157542e-5                 
5.69405367516563623768862e-5                 
8.03293027978736320358777e-5                 
7.84923255745084699015392e-5                 
7.42490791045376104434648e-5                 
7.03085184573338693958539e-5                 
6.66456554223014153940252e-5                 
6.32390146940991295852527e-5                 
6.00709779469055591083077e-5                 
5.71291105782228496737206e-5                 
5.44113082931917661417854e-5                 
5.19532081716342517999701e-5                 
5.03044669216077570218287e-5                 
5.98128743247720302318700e-5                 
6.14182420485299978247037e-5                 
5.95216912784292020509463e-5                 
5.82158005183372045397897e-5                 
5.68592859938525816745267e-5                 
5.45045553516406478930871e-5                 
5.09925930091100428241081e-5                 
5.19176926025281148774586e-5                 
5.81033157895695009650594e-5                 
5.09948450228149656462752e-5                 
5.06314874467936654650475e-5                 
2.87595477043053906840530e-5                 
3.19018457675739202638009e-5                 
5.62211111939980807865218e-6                 
2.62489908674715900732484e-5                 
2.28012632480172025589546e-5                 
1.17375570052447263163712e-4                 
