2.31286055957836898437939e-23                
1.99475542794739567137680e-24                
4.97636718017224381399233e-25                
1.88480380911371856227002e-25                
8.88133961360271240450579e-26                
4.59351715994306623995391e-26                
1.59134636913866028283666e-26                
4.11378633325890783896474e-26                
2.37132795634830932933165e-25                
9.56612194793443051143453e-25                
3.47288386480173191239022e-24                
1.17624907837182277118452e-23                
3.75722911799186660816022e-23                
1.13890166046964800180398e-22                
3.29195861496957722385297e-22                
9.11105062152122378269888e-22                
2.42329522035829968713089e-21                
6.21394511987522112543300e-21                
1.54063489888731674446517e-20                
1.26630274106021908276058e-4                 
4.64859504945624432468499e-4                 
4.02921700746937290911681e-4                 
3.51517841506051276842058e-4                 
3.08500132668623031449528e-4                 
2.72225629419438670584438e-4                 
2.41423026246334559390093e-4                 
2.15098153500753285635244e-4                 
1.92465972665390730998168e-4                 
1.72900995155020647053879e-4                 
1.55900693933731219335237e-4                 
1.41058199364795825260566e-4                 
1.28041710635864103466582e-4                 
1.16578820126142518919491e-4                 
1.06444470112266594583819e-4                 
9.74516216365068064025864e-5                 
8.94439672625226001551807e-5                 
8.22901975161551318730330e-5                 
7.58794580434241912538826e-5                 
1.05669756710246070171935e-4                 
1.35042630196654541278181e-4                 
1.25157372185375455811784e-4                 
1.16214036231012385598464e-4                 
1.08103033431274655135624e-4                 
1.00729728513498184268232e-4                 
9.40121120526405724962215e-5                 
8.78788778364165547874518e-5                 
8.22678277319895017640435e-5                 
7.71245425994659193200278e-5                 
7.24012703503555001193808e-5                 
6.80559920382080782291722e-5                 
6.40516345448918688103539e-5                 
6.03554044776487481846859e-5                 
5.69382226876084452944961e-5                 
5.37742426396959511751157e-5                 
5.08404389206926262792474e-5                 
6.34347839034470430365408e-5                 
7.02974571296192241505780e-5                 
6.66271150423002300948216e-5                 
6.32079678685891134322298e-5                 
6.00188902680511894183588e-5                 
5.70408573356835393967310e-5                 
5.42567067658013139760479e-5                 
5.16509323163632867853511e-5                 
4.92095045510505384370118e-5                 
4.69197156767046999066143e-5                 
4.47700461034467245046355e-5                 
4.27500512644468926989207e-5                 
4.08502709202749393129294e-5                 
3.90625183395257440524465e-5                 
4.52065863777923573366508e-5                 
4.87890822980130655284450e-5                 
4.67067469128735220158913e-5                 
4.46346653173545578663187e-5                 
4.23219815281587332097706e-5                 
3.93467280644295907892115e-5                 
3.56339543991770399661061e-5                 
3.09859296515746081040410e-5                 
2.62448964523306937503386e-5                 
2.32830537588938605875989e-5                 
1.31861246722436489769988e-5                 
1.05356312651797877767449e-5                 
1.25120346125560940505148e-5                 
8.27943231478930590321429e-6                 
5.75479521112333253072440e-5                 
5.43578444299502949561847e-5                 
5.09819532886427704708577e-5                 
1.13429669728644420731810e-4                 
2.01103914660243516746782e-4                 
