2.90461056931465265501424e-23                
1.83735899494388284896807e-23                
2.47962327319969084101661e-22                
2.21297542517379599016386e-21                
1.65340565073274519985978e-20                
1.07875024181984797595907e-19                
6.28979782629289766267768e-19                
3.33099996707254831877715e-18                
1.62243968289278244963296e-17                
7.34193930556315231941827e-17                
3.11282333853978505565845e-16                
1.24536752048684142373853e-15                
4.73047852550235624159852e-15                
1.71512566535457553799979e-14                
5.96357498670577535333016e-14                
1.99682643781756497373738e-13                
6.46256324247436710336383e-13                
2.02836562068453910149101e-12                
1.72105617277694585310979e-4                 
5.40174615365048554287718e-4                 
4.64859523384583132181036e-4                 
4.02921754437534324318164e-4                 
3.51517994745070641695737e-4                 
3.08500562370933597428005e-4                 
2.72226816255439951123749e-4                 
2.41426265780021249673037e-4                 
2.15106942127593719311413e-4                 
1.92489948024316657687374e-4                 
1.72968340576794157041195e-4                 
1.56103889518697752496418e-4                 
1.41767392994281996011828e-4                 
1.32026172404780800963354e-4                 
1.90915479558966597050475e-4                 
2.21118293652276430977739e-4                 
2.07673857302416441851133e-4                 
1.96497172670022546667109e-4                 
1.81857202517298788840226e-4                 
1.59762658085450986051629e-4                 
1.32379513560891547399157e-4                 
1.02672453053532545752544e-4                 
1.03344542097390327284768e-4                 
1.27307653800772933407512e-4                 
9.35737488409193165191525e-5                 
6.07828181706966749132493e-5                 
2.95524544535119374922332e-5                 
1.08033818569245093459109e-7                 
2.74244199654284026941787e-5                 
5.29720603435211941984702e-5                 
7.64882478981214956405484e-5                 
9.79310074539273116874980e-5                 
1.17244476667229824977954e-4                 
1.34345637190127385930136e-4                 
1.49122626149988716254865e-4                 
1.61451221846264799571020e-4                 
1.71226852460846271547225e-4                 
1.78457227484191537236370e-4                 
1.82171362936929663764067e-4                 
1.91491663151866248195916e-4                 
1.84094472673485448381219e-4                 
2.69950592841841974329910e-4                 
2.73727503515080655267611e-4                 
2.64772376854784035082384e-4                 
