1.42053369745875780994433e-4                 
2.60492035015837784871612e-5                 
3.47244410198993553732782e-4                 
7.39851295683974294698907e-4                 
2.29841947390311648147312e-3                 
8.44822808315412762815220e-3                 
1.38909982052930418203334e-2                 
1.61850775876476986020766e-2                 
1.62216185787097949221581e-2                 
1.51075677607512118266657e-2                 
1.35657645040072744884185e-2                 
1.19821939950533374444878e-2                 
1.05257616275295795670543e-2                 
9.24886116877927417751191e-3                 
8.15140152569201439167734e-3                 
7.21399780994489845640360e-3                 
6.41277863028493164711180e-3                 
5.72554075466683886446088e-3                 
5.12772625536819419091190e-3                 
