Number of BSplines: 20 and Order of BSplines: 10
Speed of light: 
1.37035989500000000000000e2                  
Relativistic quantum number: 
-1.0000000000000000000000e0                  
Potential constant: 
2.00000000000000000000000e0                  
Knot min: 
1.00000000000000000000000e-6                 
Knot max: 
5.00000000000000000000000e3                  
--------------------------------------------------------------
3.14851247504705852404897e-23                
1.72516986721516778153995e-21                
2.20686765742246335949916e-20                
2.11232202250382873898061e-19                
1.69996640580220473133985e-18                
1.19736310445134065886572e-17                
7.55417001636239570982393e-17                
4.33969045136959960352323e-16                
2.29919586512337326685714e-15                
1.13511192859759595948844e-14                
5.26762712955187560449156e-14                
2.31485881589440018082995e-13                
9.69557741054868327871183e-13                
3.89265672474178669589214e-12                
1.50557363683500876303433e-11                
5.63480679269434579383981e-11                
2.05496854000104838398938e-10                
9.25700562865626584850582e-10                
5.85006665165364168091183e-4                 
5.40176952109378746993464e-4                 
4.64867364215309275042177e-4                 
4.02947382649774914176568e-4                 
3.51601790840587809460458e-4                 
3.08783214694313338013966e-4                 
2.73222986144959695937665e-4                 
2.44938814640957693354907e-4                 
2.26144102454098533134036e-4                 
2.17702871710483462757242e-4                 
2.07390372187365516212104e-4                 
2.11057514533350448234860e-4                 
2.95530535443874561875439e-4                 
2.52871547750728767484090e-4                 
1.92599530086994048541432e-4                 
1.31035842779186273287036e-4                 
7.11881459530150542101100e-5                 
1.44379826892030843872380e-5                 
3.84997266773540186620930e-5                 
8.72685673499533418753136e-5                 
1.31725271619135688448566e-4                 
1.71855576847309394697897e-4                 
2.07717959618588271663461e-4                 
2.39400762652096449320707e-4                 
2.62503288644726297169850e-4                 
2.18478520009137698697201e-4                 
2.45165813422963877999408e-4                 
2.67642123685487137918231e-4                 
2.85844208626479535103040e-4                 
2.99783065188279432050714e-4                 
3.09523129371137399663995e-4                 
3.15233499824010356493699e-4                 
3.17047889025985116069245e-4                 
3.17797088603895020019014e-4                 
3.07669100671997707152779e-4                 
3.70923467321278002444531e-4                 
3.56088713547408618418462e-4                 
