2.22914411907637776649148e-23                
1.92279415538716205242560e-24                
4.79738156315544599548139e-25                
1.81779221245569510726016e-25                
8.60596062004152617690708e-26                
4.67304987085877068288019e-26                
2.77051755719683438303750e-26                
1.69429705263219475440571e-26                
8.47454213887425577491646e-27                
4.76650448500447190276616e-27                
4.03067252501534146578010e-26                
1.49390561830107487100568e-25                
4.79151992682924131712841e-25                
1.43343327659739338651629e-24                
4.07127571118573807860457e-24                
1.10548357179629052319145e-23                
2.88215116151294509353471e-23                
7.23944513948842327703916e-23                
1.75709703035428772235433e-22                
8.30001901308203029619686e-5                 
4.64859504945624395854469e-4                 
4.02921700746937205391243e-4                 
3.51517841506051082355182e-4                 
3.08500132668622600003340e-4                 
2.72225629419437735349972e-4                 
2.41423026246332575370480e-4                 
2.15098153500749160699085e-4                 
1.92465972665382315198896e-4                 
1.72900995155003777870940e-4                 
1.55900693933697962216441e-4                 
1.41058199364731274622765e-4                 
1.28041710635740639217325e-4                 
1.16578820125909615705424e-4                 
1.06444470111832939405146e-4                 
9.74516216357092440199719e-5                 
8.94439672610727285110839e-5                 
8.22901975135483035061181e-5                 
7.58794580387857942925191e-5                 
7.01177263384249787314284e-5                 
1.33372632361911981593966e-4                 
1.25157372171111768229515e-4                 
1.16214036206336626266949e-4                 
1.08103033388944981619740e-4                 
1.00729728441464055472127e-4                 
9.40121119309874856341530e-5                 
8.78788776324486465519841e-5                 
8.22678273923582195736805e-5                 
7.71245420376352589152533e-5                 
7.24012694267382178078901e-5                 
6.80559905288327035832239e-5                 
6.40516320921936378825036e-5                 
6.03554005135040677963477e-5                 
5.69382163134251522699981e-5                 
5.37742324402842672749087e-5                 
5.08404226763492371564432e-5                 
4.81162288737371553779072e-5                 
4.66421052119715070072433e-5                 
6.66270743729671134478861e-5                 
6.32079039119744574078824e-5                 
6.00187900739473340955202e-5                 
5.70407009421320003648367e-5                 
5.42564634924978251759457e-5                 
5.16505551389356994906193e-5                 
4.92089215791301803728080e-5                 
4.69188172666465181883574e-5                 
4.47686653972839298940897e-5                 
4.27479347837090286207655e-5                 
4.08470322633057560349729e-5                 
3.90572425595857422263415e-5                 
3.73716502599902930926586e-5                 
3.58080335930888005302353e-5                 
3.50727090055274726424275e-5                 
4.04805927023910324017207e-5                 
4.06921588454363359042111e-5                 
3.74174328743404263997214e-5                 
3.28989857943444090258122e-5                 
2.72381097013492892060165e-5                 
2.05158215898015331820842e-5                 
1.28306504024161114744089e-5                 
4.28656604071708001115739e-6                 
5.00972970513089045319325e-6                 
1.49364794899849324484619e-5                 
2.52907858607527443754915e-5                 
3.55366433855073308683275e-5                 
4.48563895134178992690308e-5                 
5.43631851752950158838431e-5                 
6.75708602687078146668956e-5                 
8.77177712922207300181575e-5                 
1.15711257369483794534300e-4                 
1.28976613141877727932251e-4                 
1.25468963662423866819727e-4                 
1.41878240219581226823968e-4                 
1.86564004984972926958480e-4                 
