3.44432151906060600919024e-23                
1.61889404500382552237600e-19                
2.29463756450212173527205e-18                
2.44192683313649647843490e-17                
2.19002960837578323735085e-16                
1.72414492396588812246435e-15                
1.22043228545815695288575e-14                
7.90253939298613195103820e-14                
4.74411032562540752363071e-13                
2.67118434963107824393328e-12                
1.42819601672574180847264e-11                
7.28103834201410529809892e-11                
3.53052921366723931706690e-10                
1.63462543035697530877016e-9                 
7.33243025500990417226214e-9                 
3.27016908182787927044097e-8                 
2.17457321317369882977430e-7                 
6.51051310013000639050235e-4                 
6.33127938653489213715535e-4                 
5.41753939748604960210605e-4                 
4.68931027093698745049790e-4                 
4.08671013642238910495448e-4                 
3.48727499964789772335339e-4                 
2.77063912320447041294377e-4                 
2.04454013106164992477365e-4                 
3.12529732256801111834688e-4                 
2.90113056619517908638002e-4                 
1.75592417079377638388196e-4                 
6.38928673593486045088184e-5                 
3.95329338635933141305984e-5                 
1.33157735742041170135055e-4                 
2.16553926844632388758706e-4                 
2.89823292641739784488380e-4                 
3.53347343454361873102436e-4                 
4.07643173810589773525022e-4                 
4.53268990157717931238229e-4                 
4.90758901180935176782105e-4                 
5.20581767281490673089362e-4                 
5.43129113999868974088435e-4                 
5.58740461400311941158097e-4                 
5.67763884079862127740504e-4                 
5.70628906851533401593226e-4                 
5.67897663188571057200393e-4                 
5.60254743244750861402365e-4                 
5.49037019580384223975859e-4                 
5.30159581268921749802895e-4                 
5.54665809834903110191000e-4                 
5.28984193718318211657664e-4                 
