6.53688742501712115379513e-4                 
1.36500342798221737622961e-2                 
2.74213354249927084111882e-2                 
3.83939464605803070650676e-2                 
4.12497163150179165421576e-2                 
3.79854545620317478117326e-2                 
3.24512943671773979278866e-2                 
2.69181003047010589315955e-2                 
2.22094296314911224442768e-2                 
1.84309848311127164700858e-2                 
1.54478649561920963873470e-2                 
1.30878644231855444905881e-2                 
1.12031530302004192881127e-2                 
9.67982633004109788338659e-3                 
8.43322948136593317243135e-3                 
7.39651318193662098864797e-3                 
