Number of BSplines: 20 and Order of BSplines: 10
Speed of light: 
1.37035989500000000000000e2                  
Relativistic quantum number: 
-1.0000000000000000000000e0                  
Potential constant: 
2.00000000000000000000000e0                  
Knot min: 
1.00000000000000000000000e-6                 
Knot max: 
5.00000000000000000000000e3                  
--------------------------------------------------------------
2.70683073890674689360512e-23                
2.05337259618446101760136e-24                
2.58889331500948404399475e-24                
2.66493648556543994633047e-23                
1.90595300119612656578721e-22                
1.17968881447218268279668e-21                
6.51009556209128504623678e-21                
3.25687348922342735845451e-20                
1.49571796553124258745555e-19                
6.36962057795458429121855e-19                
2.53644503171526407174448e-18                
9.51168280974702883155202e-18                
3.37942829637668158010635e-17                
1.14357850583332533384159e-16                
3.70272648705595631010384e-16                
1.15177666345369080277850e-15                
3.45433371820044135383657e-15                
1.00207173684560224369627e-14                
2.81978749873670157790098e-14                
4.58370242868068658947385e-4                 
4.64859505022792386267998e-4                 
4.02921700952798126472021e-4                 
3.51517842042521491272535e-4                 
3.08500134036951537620293e-4                 
2.72225632841395142979930e-4                 
2.41423034650643344991366e-4                 
2.15098173801991331490439e-4                 
1.92466020964459907717346e-4                 
1.72901108477264218836390e-4                 
1.55900956471159092555170e-4                 
1.41058800692078587375574e-4                 
1.28043074306566933556810e-4                 
1.16581889502905502940283e-4                 
1.06451386014184945802156e-4                 
1.03527073549650008048258e-4                 
1.86904052517117778658271e-4                 
1.71766239982885722053847e-4                 
1.58241969491072854301218e-4                 
1.46161883489404212158654e-4                 
1.35423353864887197843740e-4                 
1.26024313123882488714221e-4                 
1.18016161640479654554540e-4                 
1.11116761112568656892311e-4                 
1.04185281516403934840312e-4                 
1.29358004164082111557628e-4                 
1.37359913196361321253945e-4                 
1.23409284605729318229782e-4                 
1.07735725736075739688905e-4                 
9.11076701099889688498566e-5                 
7.41072069862894879895767e-5                 
5.73781896961091771178925e-5                 
7.45329698128317950612988e-5                 
6.77270858034964559523116e-5                 
4.99499438622373770433860e-5                 
3.28144559932535593985323e-5                 
1.64591060051731056594432e-5                 
9.73079430274845499206022e-7                 
1.35577298906088213999049e-5                 
2.70336070504609742093199e-5                 
3.93312043702444964627878e-5                 
5.03059982649615742609055e-5                 
5.97525268384165955020268e-5                 
6.82031266179909192522089e-5                 
7.12570952299273253461356e-5                 
9.46727441550177602951036e-5                 
8.94687307428564439884502e-5                 
1.65085373703359687862809e-4                 
2.42374990168500436630969e-4                 
2.36713370225178168714004e-4                 
