1.17430781493981845031640e-14                
7.64851436607905031320615e-13                
2.10709373874023547976532e-11                
1.53275764339938542591941e-10                
3.63025161087341364460466e-9                 
5.47516709199350567044805e-9                 
1.57157167594984160359966e-8                 
4.48945071085511744127053e-7                 
9.57129429864198185065753e-6                 
4.51283591529818532732163e-4                 
2.24927322834702683066476e-3                 
6.54420879025420266875552e-3                 
