7.07252838082265806901187e-10                
1.82783510148371219176013e-6                 
1.11792658006398226431012e-5                 
4.76677895547810043175912e-5                 
1.59656621802370993952743e-4                 
4.66101179381376485869009e-4                 
8.04859297042693935327442e-3                 
1.03867966172162870329350e-2                 
7.07627978856143539666128e-3                 
3.83024628353617389891389e-3                 
3.50652012142058153946450e-3                 
