3.89052731083620650160418e-19                
3.35495470760680483619015e-20                
8.36888265895070665825853e-21                
3.17033608672515368995456e-21                
1.84277880378203615627197e-21                
1.65625238751056452876229e-16                
1.89243353400544097959092e-11                
6.89874925225293686242949e-8                 
1.73693602840460848025689e-5                 
4.54463816770238639088110e-4                 
2.56761642031036787760034e-3                 
6.83715774613732141586071e-3                 
