3.69071876922398866542960e-18                
4.20363474630168924066666e-14                
1.86560876920821745512408e-13                
6.10093010721629994232894e-13                
1.67669143729908385293848e-12                
4.06239841745653531053955e-12                
4.78162234419663609956577e-11                
3.57955617142964422596402e-4                 
6.55583752433683372354801e-3                 
4.65500645756490045440038e-3                 
2.89406852442182637562021e-3                 
7.92192847080309319066358e-5                 
4.68113897712898396070023e-3                 
