9.42760085040714541692970e-17                
3.86546385754163613908282e-8                 
1.91173786645684941765634e-7                 
7.13987713395170251105648e-7                 
2.30101690634673378659362e-6                 
6.74630001195865947581933e-6                 
2.11964565419560605923069e-5                 
6.13364472373242059358791e-3                 
6.58668319855482336493707e-3                 
4.80825128177464229078288e-3                 
3.18046759142793715449795e-3                 
1.18641004961885322516384e-3                 
2.83790782319105481904786e-3                 
