5.10849306667860500554101e-19                
4.30656962747440443236217e-20                
2.39501644577666420983985e-22                
1.01563867821077180599987e-19                
8.38171632554950355681548e-19                
1.87702739635435558344380e-16                
1.97129570612967317792442e-11                
6.91705509791713309082033e-8                 
1.71837723269498894834334e-5                 
4.49040278407627590340641e-4                 
2.53973452088307197885921e-3                 
6.76361080294948366421906e-3                 
