3.98816380694364834748918e-18                
3.43780158426425303436767e-11                
1.55026730878038114650214e-10                
5.16995574732228768751175e-10                
1.45439514348532052166624e-9                 
3.62104365648525139285675e-9                 
8.24846634730637152366237e-9                 
1.13523488386612555936426e-3                 
6.55792506082980356604117e-3                 
4.65946254469677249395101e-3                 
2.93794424725122378925772e-3                 
6.85410341662158718338635e-5                 
4.37448855629343949091463e-3                 
1.01430147914318836369667e-2                 
