4.23458943154154221765034e-18                
1.05333621518381153045754e-9                 
4.87670294825395177202131e-9                 
1.67957956172221130725641e-8                 
4.90945204803756337173979e-8                 
1.27810029029685121561567e-7                 
3.04803205104270988817017e-7                 
2.46965549100855930074999e-3                 
6.55907255400122318358925e-3                 
4.66739806611456083476826e-3                 
3.02145050387037168043339e-3                 
2.66872385418011398624604e-4                 
3.87890628167580472442179e-3                 
6.69036224716094096984360e-3                 
