7.98950187760432692056161e-11                
1.71059593654140680607292e-7                 
1.85970194898828285100906e-6                 
4.72593168455007457238549e-6                 
1.41478354087714713721213e-5                 
2.50801343376584255050818e-5                 
4.98575781265620975160863e-5                 
1.09095960766719497234617e-4                 
6.83256314720573340527695e-5                 
6.92523702839503749684976e-4                 
3.56317490474337567246512e-3                 
2.46853613245688897421993e-3                 
