3.59328203326872133091343e-19                
3.09952319529716267910767e-20                
7.73341748560931857469468e-21                
2.93021404401398759796698e-21                
1.07812574300887391313119e-21                
1.61858569186188679301789e-16                
1.87306280145176066713298e-11                
6.88363911458079352204963e-8                 
1.73828726481625943036100e-5                 
4.55116587238158945299083e-4                 
2.57140305161889766054262e-3                 
6.84764599169338414462229e-3                 
