4.35746786354219200128412e-19                
3.75508127693769238363718e-20                
9.36090593819798659457176e-21                
3.53384212752753436320363e-21                
1.96966620643472124580465e-21                
1.75071160529203767892187e-16                
1.92525916313777778398445e-11                
6.91681590059540670595459e-8                 
1.73242439077171625433256e-5                 
4.52892774040673626086402e-4                 
2.55913091211297217447789e-3                 
6.81432453842183683751763e-3                 
